   1.9355319e-02
  -1.2192746e-03
   2.0265276e-02
   2.4393377e-03
   7.5132958e-03
   5.9353457e-03
  -9.0305999e-03
  -5.2523034e-03
  -1.7016929e-02
  -1.0228499e-02
   3.4818335e-02
  -1.1688681e-02
   9.1152743e-03
   1.0245052e-02
  -2.5850610e-02
  -6.2322741e-03
   2.4201461e-02
  -1.0159804e-02
  -1.0232624e-02
   2.5555406e-02
   1.2988431e-03
   2.9218492e-02
   1.0651249e-02
  -1.5562625e-02
  -1.0318375e-02
   1.7985062e-02
   1.1444819e-02
   4.6617412e-05
  -1.1810607e-02
  -2.0527130e-03
   1.2900250e-02
  -2.3163992e-03
   1.4072409e-02
   5.0319951e-04
  -1.8678871e-03
  -9.1021702e-03
  -1.1796164e-02
  -1.3516469e-02
  -3.0631688e-03
  -6.6378788e-03
  -2.3912363e-02
  -5.6962035e-03
   3.5179576e-02
   7.9968426e-03
   2.9473934e-03
  -1.2344114e-02
   4.6017549e-03
  -5.5214929e-03
   2.1650899e-03
  -8.0079482e-03
   5.0532641e-03
   9.3967302e-03
   5.8076078e-03
  -1.4430868e-02
  -1.4028852e-02
   8.8566875e-04
  -4.4022291e-03
   1.5278998e-03
  -6.7537586e-03
   1.4319524e-02
  -5.8979496e-03
   8.0607400e-04
   1.5738355e-03
   2.7199501e-04
  -1.6409844e-02
  -5.8581982e-03
  -2.3838383e-02
  -2.2387678e-03
   1.0478784e-02
   4.2798043e-03
  -1.8043227e-02
  -4.0953931e-04
   2.7106097e-03
  -5.0072864e-03
   1.8534162e-03
  -9.6146353e-03
  -3.4054232e-03
  -1.7830609e-02
  -1.2368147e-02
   5.8814145e-03
  -4.3484523e-03
   1.7294233e-03
  -2.3649274e-02
   6.7622477e-03
   6.2843352e-03
   2.5524976e-03
   9.0026262e-03
  -4.3495817e-02
  -8.4040452e-03
  -1.3252336e-02
   2.0531010e-02
  -1.8387846e-03
  -4.5501477e-03
  -1.0363659e-02
   9.5829599e-03
  -3.0155481e-02
   5.4790317e-03
   5.0580696e-03
  -9.6813259e-03
   1.7465648e-02
   1.9344470e-03
   3.4790845e-02
  -1.8753205e-02
   2.0476845e-02
   5.6866615e-03
   1.2816770e-02
  -4.1614192e-03
  -7.3675970e-03
   8.7741970e-03
  -4.7452388e-02
  -9.4104909e-03
  -4.3941775e-02
  -1.1782547e-02
   5.4567394e-03
   1.4588376e-02
   1.2390314e-02
   3.4648591e-02
   8.6082645e-03
   1.0801396e-02
   3.3449680e-03
   8.7441051e-03
   1.2031706e-02
  -3.1239733e-02
  -6.5220244e-03
   2.2626142e-02
  -5.4953166e-03
   6.3218119e-03
   2.7994556e-02
  -2.7318618e-02
  -2.1979238e-02
   5.2588821e-02
   3.3355913e-02
  -1.3157501e-03
  -5.0769663e-02
   5.0996747e-03
   1.4090214e-03
  -1.3923409e-02
  -3.4245749e-02
   2.5500825e-02
  -6.1080268e-03
  -3.0591706e-03
   1.8392574e-02
  -8.7746347e-03
   1.3462748e-02
  -2.1596572e-02
  -3.0213077e-03
  -2.9345218e-02
  -5.3649770e-03
  -3.0507063e-02
  -4.6833290e-02
   3.0668755e-02
   2.3307977e-02
   2.5001727e-02
  -1.0844779e-02
   8.9666967e-03
  -5.0259042e-02
  -2.7873600e-02
  -6.2252721e-03
   5.2203532e-02
   2.5374508e-02
  -2.7957456e-02
   2.9099450e-02
  -1.1710753e-02
  -3.0508838e-02
  -3.2551276e-02
  -1.8200435e-02
   2.3184611e-02
   4.2106541e-02
  -5.4174386e-04
  -3.9137698e-02
   1.0055892e-02
   5.5684114e-02
   3.4721658e-02
   9.4614379e-03
  -2.4361911e-02
   4.6333045e-03
  -2.3384191e-02
   8.4262155e-03
   1.7359880e-02
  -2.6174601e-02
  -1.0592186e-02
   1.1363263e-03
   2.2408759e-02
   6.1779824e-02
   7.7257461e-03
   4.5605431e-03
  -4.0682537e-03
  -3.3359232e-02
  -3.1778338e-02
   5.4095364e-02
   1.0461241e-03
   5.2823862e-02
   2.8639419e-02
   3.5204747e-02
   2.3515983e-02
   2.3133115e-02
   2.9449323e-02
   4.3708626e-03
   8.7092458e-03
   1.3342654e-02
  -6.6807720e-04
  -2.4712235e-03
  -3.5948127e-02
   2.2418172e-02
  -3.9729358e-03
  -1.1782829e-02
   1.5785209e-02
  -7.4513997e-04
   7.3640907e-03
  -1.2896488e-02
   7.8211465e-03
   2.3855330e-02
   9.2817109e-03
  -5.3871811e-03
   1.1101856e-03
   4.7315389e-04
  -3.1600331e-03
  -5.8225419e-03
  -1.1130332e-02
  -1.6960190e-02
  -8.7205370e-03
   1.8964814e-03
   3.9402475e-03
   1.8008403e-02
   1.0057446e-03
  -1.8571109e-02
   1.9356075e-03
  -7.5166980e-03
   6.8633794e-04
   1.2608432e-02
  -1.6607007e-02
  -2.1509808e-03
   1.2696078e-02
  -1.3887531e-02
   6.0932859e-03
  -2.6297821e-03
   3.4525737e-03
  -4.9106559e-03
   2.0258350e-02
   1.0566088e-02
  -1.8288411e-02
   4.4271888e-04
  -6.8933073e-03
   7.9911837e-03
  -2.8280811e-03
  -4.0751483e-03
   2.0402948e-02
   1.2579092e-02
  -7.4338530e-03
  -6.4188139e-03
   1.8037249e-02
   2.1346754e-03
   5.4894365e-03
   6.8646350e-03
   8.6323640e-04
  -1.2130875e-02
   1.1028916e-02
  -1.5387901e-02
  -4.1073830e-04
   1.7191647e-02
   3.5916648e-03
  -1.7508808e-03
  -5.2219321e-03
  -9.4003922e-03
  -6.5415702e-03
  -8.2946941e-03
   0.0000000e+00
  -6.3463866e-03
  -2.8952200e-02
  -1.7700598e-03
   2.1551620e-02
  -4.4202728e-03
   4.3951216e-03
  -1.0456996e-02
   1.4353272e-02
   1.6877497e-03
  -5.2985858e-03
   5.0607485e-03
  -5.5162014e-03
   2.7873360e-06
   6.2436153e-04
  -1.9290204e-02
   2.2495814e-03
  -1.7388039e-02
   6.0423048e-04
   1.1140528e-03
  -1.8398125e-03
  -1.8623857e-02
  -3.4506830e-03
   5.1836242e-03
  -2.2258998e-02
  -1.1283837e-03
  -2.1487544e-02
   2.0543949e-02
   3.2939410e-02
   1.6727274e-02
   1.1688049e-02
   9.7280369e-03
   4.6201520e-03
  -3.9359364e-04
   2.3694730e-03
   6.5553218e-03
  -6.2054038e-03
   5.8737356e-03
   6.7863719e-03
  -1.1983796e-02
  -7.6087274e-03
   8.9895519e-03
   1.7200400e-02
   4.7278417e-04
   1.4340716e-02
  -2.8679877e-03
   1.1869540e-03
  -1.9233104e-03
  -4.6080832e-04
  -3.4380522e-03
  -4.1947037e-03
  -2.6402263e-03
   3.1963283e-04
  -5.4101736e-03
  -9.2550133e-03
  -3.1221375e-03
  -1.3914992e-03
   8.3522768e-05
  -1.4864419e-02
   3.5775445e-03
   7.4308723e-03
  -3.9451729e-03
  -9.5884165e-03
   1.2409672e-03
  -7.5695729e-04
  -5.4018311e-03
   8.3268439e-03
   8.5686936e-03
  -9.1538402e-03
  -3.3342470e-04
  -8.3383976e-05
  -8.9468574e-04
  -1.7996033e-02
  -1.2174479e-02
   1.3238910e-02
   4.8288389e-03
  -5.9544016e-03
   5.1197293e-03
   2.0629789e-03
  -1.0808700e-02
   0.0000000e+00
   1.1755535e-02
  -3.3407334e-03
  -1.9649747e-04
   1.2475021e-02
   1.4494828e-03
   1.4247473e-03
  -8.3908002e-03
  -5.1505998e-03
   6.0079199e-03
  -1.1431581e-03
   1.5720380e-03
   2.8317728e-04
  -3.3032738e-03
  -5.9961434e-03
   1.6814663e-03
   3.7328677e-03
  -6.7881478e-03
  -9.5766984e-04
   1.4234886e-03
  -1.3076329e-02
  -2.5942857e-02
   1.4173603e-03
   2.2545637e-02
   4.4794991e-03
  -8.1195873e-03
  -1.7409654e-02
   1.7457122e-02
   3.1515454e-03
  -1.6716470e-03
  -1.9326387e-02
  -5.4969575e-03
   1.9049291e-02
  -8.1824166e-03
  -1.6630510e-03
  -5.3098056e-04
   1.0114824e-02
  -5.4966182e-03
   5.4810755e-04
  -2.8885730e-03
  -1.7356404e-02
   5.5169392e-03
  -7.4312739e-03
  -5.2839879e-04
  -9.2253578e-04
  -4.1362914e-03
   6.9732034e-03
   3.8419668e-03
  -5.0262004e-03
   7.8264081e-04
  -1.3078183e-02
  -5.1896299e-03
   3.9964934e-03
  -3.7335248e-03
  -5.7036797e-03
  -3.2144279e-03
  -2.0195757e-02
   7.8355859e-04
  -2.8274779e-03
  -2.4508596e-03
  -8.7950607e-04
  -8.7549615e-03
  -1.3130990e-02
   1.2573746e-02
   2.8464067e-03
   2.8736463e-03
   4.6695011e-03
   4.4613764e-04
   3.0913107e-03
  -1.8035025e-02
   3.8190958e-03
   1.0896650e-02
   2.9636806e-03
  -1.3475085e-02
   6.4237587e-03
   1.9553095e-03
   2.1622934e-03
  -2.1879049e-03
  -7.4915997e-03
   1.0861223e-03
  -9.1746068e-03
  -7.5513753e-03
   6.0723550e-03
  -3.3176064e-03
  -8.2759812e-03
   8.2184801e-06
  -2.6081954e-02
  -2.1619450e-03
   6.5557023e-03
  -6.4844392e-03
  -2.2122322e-03
   6.0920417e-03
   1.2715148e-02
  -9.5659393e-04
   1.1651646e-02
   1.8300843e-02
   3.2474933e-03
  -1.5440513e-02
  -2.6184137e-05
   4.0521013e-03
   3.0805992e-03
   2.1478469e-02
   1.0395705e-02
  -1.4479816e-02
   1.1813797e-02
  -3.5524932e-04
  -3.6990648e-03
  -2.5016210e-03
  -2.2911160e-02
  -2.1584360e-03
   7.2114366e-03
   4.5914024e-03
  -2.1104150e-03
  -4.4993631e-03
  -3.9229105e-03
  -2.4709589e-02
  -3.8211265e-03
   6.9744566e-03
   5.1854601e-03
   1.8060451e-02
   9.8221604e-03
  -3.0001159e-03
  -1.8403749e-02
  -1.9663693e-03
  -4.8769711e-03
  -7.0911880e-03
  -8.6569685e-03
  -2.1003269e-02
   3.0862075e-03
   3.9902985e-03
   1.8453486e-02
  -2.2613284e-03
   3.4473953e-02
  -1.4068037e-02
   7.3930089e-03
   1.4559773e-02
   1.0398871e-02
   3.8171714e-03
  -1.2075379e-02
   1.0551747e-03
  -5.2429968e-03
  -2.5618205e-03
  -8.1051975e-03
  -1.2599184e-02
   1.4484534e-03
  -1.1861460e-02
  -1.9416016e-02
   6.2025543e-03
   5.7460266e-03
   1.9490207e-02
  -1.2127909e-02
   1.1703337e-05
  -2.8321744e-03
  -3.0430912e-03
  -1.5203038e-03
  -3.0169408e-02
  -1.5279558e-02
   2.3922230e-02
   4.0598173e-03
   6.6269246e-03
   2.0584947e-02
   2.7929407e-02
  -1.4459229e-02
  -1.6828968e-03
   3.2238625e-02
  -1.0953348e-02
  -2.3575683e-02
  -3.2793890e-03
  -5.0319795e-02
   3.3799993e-02
   8.4948868e-03
   8.1245962e-03
   2.6646201e-02
  -5.0624947e-03
   1.5010512e-03
  -9.8569385e-03
   1.2354668e-02
   2.8020086e-02
  -1.1460653e-02
  -1.4507479e-02
   9.9955907e-03
   5.4330554e-03
  -1.6249403e-02
   2.9955667e-03
   1.7885745e-02
  -2.0742436e-03
  -7.5767712e-03
   3.1873763e-03
  -1.5838251e-04
  -1.2459798e-02
   8.1953003e-03
   4.7891412e-03
  -2.6630583e-03
   0.0000000e+00
  -1.3151986e-02
  -1.8038368e-03
   2.3443414e-03
  -5.9770824e-03
   2.1078259e-03
  -1.5318892e-02
  -3.5982779e-03
  -4.9474263e-03
  -8.4676409e-04
   4.9946259e-03
   1.9909153e-03
  -8.8458704e-03
  -1.1292935e-02
   7.0381261e-03
  -2.7720261e-03
   1.3645648e-03
  -8.5619669e-03
  -1.6955804e-03
   2.4677029e-04
  -1.3958648e-02
   3.8927963e-03
  -7.1022434e-03
  -1.0914801e-02
  -2.0136484e-02
  -1.1812177e-02
   1.5035256e-02
  -2.0372148e-03
   1.5055130e-02
   5.9084740e-03
  -7.2771122e-03
  -5.6457192e-03
  -9.9533668e-03
  -1.4488244e-02
  -1.9433507e-03
   6.4359073e-04
   5.8939703e-03
  -6.8835717e-03
  -2.4389534e-03
  -9.2090030e-03
   1.8199082e-02
   2.5093797e-02
   6.6236608e-03
  -9.6643233e-03
  -8.0803186e-03
  -1.2205841e-02
   1.8567486e-02
   4.5594698e-03
  -6.6255890e-03
   1.1356029e-02
   9.0688495e-03
   1.8193935e-02
   2.1353390e-02
  -9.6929965e-03
  -7.1943297e-03
   1.9215551e-02
  -4.2979656e-03
  -3.3774153e-03
   1.6405856e-02
  -4.7843722e-04
  -3.0227193e-03
   2.4869754e-03
  -4.0932465e-04
   2.7255274e-03
  -1.5024056e-02
   9.0844542e-03
  -1.4355699e-03
  -7.5763129e-03
  -1.9723237e-03
  -2.5497461e-03
  -1.6747238e-02
   2.2688259e-03
   1.0093354e-02
  -1.5599406e-02
  -1.5624624e-03
  -7.9227749e-03
  -8.2118865e-03
  -1.0716375e-02
   7.2133771e-03
   1.6905801e-02
   5.6873676e-03
  -8.1304307e-03
   1.9634858e-03
  -8.7690775e-04
  -2.6081041e-02
   1.0604431e-02
  -1.2565055e-02
   3.3638098e-02
  -5.8090443e-03
   5.5760568e-03
  -2.3843916e-02
   6.8919241e-03
   1.4981989e-02
  -1.5861470e-03
   4.5669845e-03
  -2.0326212e-02
  -4.0215727e-03
   7.7507610e-04
  -9.7294627e-03
   1.1615478e-03
  -2.3394404e-02
  -1.3355806e-03
  -6.6941316e-03
  -1.6692902e-02
   1.4471312e-02
  -2.9203693e-03
   3.1854344e-02
  -1.6318714e-02
   2.5244393e-02
   1.2670762e-03
   1.7385186e-02
   3.9510474e-03
   1.2243772e-02
  -3.7233286e-03
   7.0185159e-03
  -1.8653376e-02
   1.5214011e-02
   4.0080470e-03
  -2.3885660e-02
   1.2060949e-02
  -1.2337396e-02
   8.1584347e-04
  -1.3258020e-02
   2.9942827e-03
  -2.6298952e-02
  -7.4334934e-03
   1.5847035e-02
   2.1713730e-02
   6.7592808e-03
   3.9887845e-03
  -2.7003422e-02
   4.2641555e-03
   1.7276784e-02
   1.2855026e-03
  -7.1338744e-03
   6.2060632e-03
   4.7880109e-03
  -5.3881078e-03
  -1.2504693e-02
  -1.5526792e-03
   6.7256914e-04
  -5.2009061e-03
  -3.6659237e-03
  -1.6599513e-02
  -3.3237682e-03
  -1.4474212e-02
  -1.5416674e-02
   3.4745408e-03
   1.4004181e-03
   2.4543436e-02
   1.0866538e-02
  -8.5222072e-03
   9.4400155e-03
   6.3600490e-03
  -6.7193441e-03
  -1.0328366e-02
  -2.7766286e-02
  -1.4889683e-02
   3.5856406e-03
  -9.3567764e-03
   2.0666678e-02
   1.7328705e-02
  -9.4462064e-03
  -1.2014751e-02
   2.5031168e-02
   7.5376699e-03
  -1.6299808e-02
  -3.1601607e-03
   1.1957758e-02
   1.8146509e-03
  -1.7452113e-02
   5.3486968e-03
  -1.6852403e-02
  -1.8135521e-02
   1.4843258e-02
  -4.2254192e-03
   3.4268056e-03
  -2.3959080e-02
  -5.3870305e-03
  -1.2528539e-02
  -1.0287964e-02
  -4.2604049e-03
  -5.7996567e-03
  -2.9776156e-02
  -1.2411930e-02
  -3.0923229e-02
   1.1747456e-02
  -1.2401540e-02
   5.5853827e-03
   1.1663285e-02
   1.2122137e-02
   2.1834200e-03
   3.9620726e-02
  -1.9733194e-02
   1.5898466e-02
  -2.2235005e-02
   5.0434735e-03
   7.3845551e-03
  -2.6645933e-02
  -2.9210881e-03
   3.1120297e-02
  -4.0913656e-04
  -7.7519700e-03
   1.8904245e-02
  -1.5948572e-04
   3.6667117e-02
   7.5001381e-03
  -1.0980447e-02
  -1.0555949e-02
   1.3725875e-03
   1.4448361e-02
  -2.4088887e-03
  -2.0277207e-03
   1.7712824e-02
  -2.9159847e-04
  -3.9229489e-02
  -1.6070207e-03
   1.3762751e-02
  -3.0335328e-03
  -1.3468790e-02
   6.0994826e-05
  -3.6757306e-03
   2.8214509e-02
  -1.5741406e-02
  -2.1707308e-02
  -2.3590467e-02
   2.0474934e-04
  -2.2918790e-03
   2.6757706e-02
   2.6369407e-03
   9.6549967e-03
  -2.2344777e-02
   1.5946795e-02
  -5.6713060e-03
   1.0183329e-02
  -2.7129292e-02
   0.0000000e+00
  -1.3605342e-02
  -2.0648052e-02
   1.8806621e-02
  -4.2074362e-03
  -2.9118674e-02
   1.2385941e-02
  -2.0196238e-02
  -3.4054331e-03
   4.2471524e-02
  -1.4407164e-02
  -1.2945117e-02
   1.5868864e-03
  -1.4459042e-02
   0.0000000e+00
  -2.9658526e-02
  -8.1277307e-03
   6.3181029e-03
   8.0877096e-03
  -7.0011562e-04
  -5.7246595e-02
  -1.1210171e-02
  -2.3386931e-02
   5.3724654e-02
   1.3279252e-02
  -8.4707363e-03
  -8.5075853e-03
  -2.6245654e-03
  -2.5771184e-02
  -6.2132257e-03
  -1.1658332e-02
  -2.1394683e-03
   1.4236027e-02
  -2.2484634e-02
   6.6268717e-04
  -1.0646526e-02
  -6.9287959e-03
  -5.0154619e-02
  -6.9392719e-03
   7.9314643e-03
   5.2888791e-02
  -5.1458002e-02
   5.2428794e-03
   3.6028970e-02
   2.5724945e-02
  -2.4453282e-02
   1.2880212e-02
   1.0447282e-02
   1.9868155e-02
   4.9954417e-02
  -2.4316701e-03
   2.7681595e-03
   4.6670303e-02
  -1.3209800e-03
   2.7799962e-02
  -5.4193184e-03
   3.5795931e-02
  -4.7548438e-03
  -2.8880664e-02
  -3.9241856e-03
  -2.6226465e-02
  -2.3753360e-02
   1.5759628e-02
   2.0689894e-02
   2.0462455e-02
  -4.3220204e-02
   7.9797938e-04
  -3.4188686e-02
   9.6866670e-03
   9.8899849e-03
  -4.9986506e-03
   1.7993561e-02
   1.1616861e-02
  -6.7677749e-03
   1.9742986e-02
   4.8523975e-02
   1.7830725e-02
   1.3617622e-02
   2.0071532e-02
   1.1795300e-02
   1.7993021e-02
  -8.4196956e-03
  -2.1910156e-03
  -3.2750394e-02
  -2.1899297e-02
  -1.6042985e-02
   0.0000000e+00
   0.0000000e+00
   2.0823523e-03
   1.2433661e-02
   1.2711052e-02
  -1.0095871e-02
   4.5726980e-03
  -1.5875566e-02
   1.8368057e-03
   2.2265014e-02
   7.9040107e-03
  -5.3632973e-03
  -1.3230497e-02
  -7.0911474e-02
   4.1712028e-02
   6.5947597e-04
  -7.7617992e-03
  -3.0230880e-02
   6.2494454e-02
  -8.9304071e-04
  -2.2457435e-02
  -1.7541936e-05
  -1.3354033e-03
  -9.3739365e-02
   2.2481411e-02
   3.1725985e-02
   5.1762825e-02
  -4.8477226e-03
   3.3566148e-02
  -1.2891063e-02
  -6.1769817e-03
   3.0466586e-02
   5.5433281e-02
  -1.7325536e-02
  -2.5289260e-02
   7.3396668e-02
   2.1515927e-02
  -4.7593425e-02
  -7.7324920e-03
  -2.3791242e-02
  -1.2447374e-02
   3.0694430e-03
  -1.0134033e-01
  -8.9903660e-03
   5.2152516e-02
   1.1365799e-02
   4.6671786e-02
   1.0576017e-02
  -1.1102356e-02
  -3.3153955e-02
   5.1661219e-02
   6.9433503e-02
  -2.6300251e-02
  -1.0234965e-01
   7.5410788e-02
   2.5909556e-02
   6.2431935e-02
   1.1335497e-02
   7.6112723e-02
  -2.3529290e-02
   2.5739185e-02
   4.2522557e-03
  -4.1056282e-03
   4.4156444e-02
   1.8063825e-02
  -1.9465319e-02
   2.5872024e-03
   6.4628501e-03
   5.8401212e-03
  -4.5577219e-02
  -4.1613939e-04
   1.7776891e-02
   1.6594665e-02
   2.8153941e-02
  -8.9801103e-03
   5.0850475e-03
   3.7180049e-03
   4.8657156e-03
  -2.1760162e-02
   2.4827660e-02
   2.9925616e-02
   7.8825016e-03
  -1.4830167e-02
   7.7859790e-05
  -2.7404512e-04
  -1.5498696e-02
   3.0833583e-03
  -6.8716761e-03
   7.2209562e-03
  -1.6627723e-02
   1.2961443e-02
  -5.5984678e-03
   2.3947740e-02
   2.0426310e-03
  -5.9106239e-04
  -3.1076292e-03
   2.5486633e-02
   3.6077238e-03
  -7.2591053e-03
  -2.7675966e-03
   2.7355433e-03
  -6.5062433e-03
  -2.5908540e-02
   7.3466765e-03
   1.2991561e-02
  -3.0002037e-03
  -9.4920837e-03
  -7.4467088e-03
   1.3471576e-02
   6.1988190e-04
   1.4810502e-02
  -1.4274589e-02
  -2.7860601e-03
  -6.5667005e-03
  -1.7450432e-02
  -1.8481105e-02
  -1.1968411e-02
   1.9492905e-02
  -7.5722753e-03
   2.4653438e-02
   1.2919905e-02
  -1.2847493e-02
   1.4488271e-02
  -1.9315952e-02
   1.2998608e-02
  -7.6049697e-03
   1.6684059e-03
   1.6209780e-02
   5.5933640e-04
   5.8689704e-03
   2.4496873e-02
  -1.2357506e-02
   8.1700596e-03
  -1.6723677e-03
   2.1696633e-02
   1.1515852e-03
   9.9941893e-03
  -9.7525662e-03
   5.2660672e-03
  -7.5088835e-03
  -9.5703044e-03
   1.8170718e-02
   6.5764794e-03
  -1.7342491e-03
   2.0285693e-02
   3.3996799e-03
   7.7095025e-03
  -1.4759664e-03
   1.2558552e-02
  -5.8843505e-03
  -3.0035308e-03
  -1.0688330e-02
  -6.9266209e-04
  -1.4078552e-03
   1.8185353e-02
  -4.1723654e-03
   1.1031370e-02
   1.5093067e-02
  -9.6029029e-03
  -1.0549776e-02
   3.0927617e-04
  -3.2541605e-03
  -3.4333354e-03
  -4.6589302e-03
   9.8141270e-03
   6.1511051e-04
  -8.3589472e-03
   4.9849653e-03
  -1.2549489e-03
  -1.3404361e-02
  -9.1353640e-03
   5.8079921e-03
  -4.1514267e-03
  -1.0912655e-02
  -3.8540928e-03
  -9.8204129e-03
   8.6574618e-03
   8.3297110e-03
  -2.3566873e-02
   3.1473508e-03
  -1.7573148e-02
  -4.6408152e-03
   7.4879968e-03
   1.5256899e-02
   2.5416448e-03
   7.5312139e-03
   7.2430810e-03
  -8.4503367e-03
  -3.2040146e-03
   5.2983512e-03
  -8.4264855e-03
  -2.7581979e-02
   3.8148607e-03
   2.7683349e-03
  -1.3499421e-02
   5.4628725e-03
  -3.1376107e-02
   6.5237445e-03
   5.0572060e-03
  -3.3016913e-02
   4.3608366e-02
   7.5419644e-03
   1.5200229e-02
  -1.1334415e-02
  -1.1723378e-02
   1.0221647e-02
   1.1869837e-02
   1.4018458e-02
  -2.0747459e-02
   2.2140430e-02
   8.6966270e-03
   1.6951363e-02
   1.9720161e-02
  -1.6976643e-03
  -1.4802526e-02
  -1.1081632e-02
   1.4480723e-02
  -7.4874907e-04
   1.4871704e-02
  -2.4257779e-02
   1.9004951e-02
   1.6359583e-03
  -8.3600170e-04
  -3.2190751e-02
   3.5204062e-03
  -4.9591564e-03
   1.6898535e-02
  -1.2013126e-02
   3.4771812e-02
  -4.5453961e-03
  -1.6777950e-02
   3.4443755e-03
   2.5613242e-03
  -1.0751549e-02
  -3.0943634e-04
   6.3520099e-04
  -5.5982419e-02
   5.1288900e-02
   3.0608009e-03
   7.7167207e-02
   1.3584590e-02
   7.8289290e-03
   1.2689435e-02
   2.1891578e-02
  -1.8197056e-03
  -6.2970089e-04
   9.0262139e-03
   8.6448037e-03
  -4.1808970e-03
  -1.0847916e-03
   1.2770388e-02
   5.1464201e-03
   1.4870847e-02
  -3.5600422e-03
  -4.4696838e-03
  -1.6679433e-02
  -4.0499721e-03
   1.7123200e-03
  -3.2226261e-03
   1.5707743e-02
  -2.5225330e-03
   1.8643317e-02
  -8.2589164e-03
   2.9889805e-03
  -4.8908551e-03
  -6.6912099e-03
   5.2766926e-04
  -1.7096782e-02
   3.6266126e-03
   4.2438301e-03
  -1.3382851e-02
  -5.3482272e-03
  -2.4898817e-02
   4.7813473e-03
   5.4972936e-03
  -6.1585289e-03
  -5.7761733e-03
   1.4882116e-02
  -1.5509199e-02
   1.3350692e-02
   7.1949723e-03
   1.5140152e-02
  -7.1308256e-04
   3.7646768e-03
   7.1219597e-04
   9.0497158e-04
  -2.5385352e-03
   3.5347876e-03
  -2.5092019e-03
   5.3717235e-03
   3.9951640e-03
   1.7557751e-02
  -5.1476328e-03
   3.9772172e-03
  -7.5533699e-03
  -2.1046222e-03
  -1.3045166e-02
   1.7665182e-03
  -6.1011451e-03
   1.1440755e-02
   4.7284922e-03
   8.0806423e-03
  -2.8514503e-03
   8.5775572e-04
   9.0081273e-03
  -9.4139476e-04
  -5.8652998e-03
  -7.6753851e-04
  -7.6060969e-04
   3.4874228e-03
  -7.1468025e-03
   1.2976731e-03
  -1.0697271e-03
  -3.0666470e-03
  -7.6883074e-03
  -9.8199964e-04
  -6.3205153e-03
  -4.4476336e-03
   2.3785498e-03
   8.3590997e-04
  -7.6131289e-03
   2.0361754e-03
  -2.2659479e-02
  -1.2588430e-02
   2.3917592e-03
   5.0988698e-03
  -8.3572520e-03
  -2.0192721e-03
  -1.1056732e-02
   8.2964542e-03
   2.4888962e-02
  -4.4202621e-03
   1.7625128e-02
  -9.4783968e-03
  -1.3610370e-03
  -1.5478839e-02
  -1.0739447e-02
  -1.2017454e-03
   7.5031224e-03
   2.8426434e-03
   6.2472776e-04
  -1.5282296e-03
  -1.0096687e-02
  -2.3192700e-03
  -3.9473347e-03
  -1.4667355e-02
   2.4185462e-02
  -2.7975127e-03
   6.6342809e-03
  -1.7536020e-02
   1.5024662e-02
   2.0439815e-02
  -1.2132623e-02
  -9.2112233e-03
  -1.1794021e-03
   1.3241577e-02
  -7.9903054e-03
   1.4745923e-02
  -1.6854910e-02
  -6.2095058e-04
   7.6868572e-03
   2.4449458e-02
   1.4850732e-02
   1.7602625e-02
  -8.7308870e-03
   1.4776154e-02
  -1.2213419e-02
   1.8318615e-02
   8.3949038e-03
  -1.5939420e-03
  -4.8611291e-03
  -1.9232799e-02
   8.3838279e-03
   1.4141041e-02
  -3.5989348e-03
  -7.6028289e-03
   1.1034001e-02
  -3.0438648e-03
  -1.1482260e-02
   6.1671927e-03
  -1.0735177e-02
  -1.5165325e-02
   7.6000836e-03
   8.9167129e-03
   2.3983023e-03
   1.8969436e-03
   1.5792163e-02
  -7.0416007e-03
   3.2364393e-04
  -6.8192113e-04
  -2.2598448e-02
  -2.1454525e-02
  -3.2548862e-04
   3.6258215e-03
  -1.5001103e-02
   3.7033134e-03
   1.4627340e-02
   2.4550941e-02
   7.1920736e-03
   1.3865226e-03
  -1.3121178e-02
  -1.4977724e-02
   2.0695508e-03
  -5.3771732e-03
  -5.4036593e-03
   5.0017019e-03
  -9.8876922e-03
  -5.2327927e-03
  -1.5447593e-03
  -1.4201700e-02
  -2.4334956e-03
   3.2213868e-03
  -6.0943194e-03
   2.6449104e-03
  -8.5582418e-03
   8.1803507e-03
  -4.5198027e-03
   1.1218457e-02
  -1.1866022e-03
  -5.3307542e-03
  -2.7766298e-03
  -6.3117545e-03
  -4.1504305e-03
   1.2062693e-03
  -5.9482714e-03
  -9.9086487e-03
   8.9817230e-03
   9.4334221e-04
  -1.3593389e-02
   5.4689323e-03
   9.1303070e-03
  -1.4655394e-03
  -1.7169388e-02
  -9.5839336e-03
   1.3831820e-03
   1.9348985e-03
  -9.3153445e-03
  -3.6620183e-03
  -4.0076846e-03
  -1.5384157e-02
  -2.9032012e-03
  -2.8841858e-03
  -1.1626659e-02
   6.0804854e-03
  -4.3042485e-03
   1.0285818e-02
  -6.1022806e-03
  -2.1131814e-02
  -1.7535600e-03
  -4.3102612e-03
  -1.3721237e-02
   8.5108064e-04
  -2.0920299e-02
   2.7341533e-02
   1.3813427e-02
   1.5337675e-04
  -4.8983700e-04
  -1.4222662e-02
  -3.4377243e-03
  -9.1630023e-03
   1.0520968e-02
   5.5911269e-03
   1.1324892e-02
   1.5517971e-02
   3.0491301e-02
  -4.9817932e-03
  -2.6957146e-03
  -4.5986868e-03
   5.9423827e-03
   5.9717224e-04
  -4.2950703e-03
   2.2279494e-04
   3.6788904e-04
  -9.4581666e-03
  -5.2049645e-03
   7.5312161e-03
  -4.9745989e-03
   5.6465791e-03
  -5.7638138e-03
  -2.3852117e-04
   1.7020509e-03
  -5.0074356e-03
  -9.0742168e-03
  -1.2961935e-04
  -9.1658650e-03
  -5.3032927e-03
   4.3704804e-03
   4.2844940e-03
  -1.0289892e-02
   1.2546920e-03
   8.9512824e-03
  -8.5295020e-03
   1.8057827e-03
   2.2561440e-03
   2.2212892e-03
  -3.9469736e-03
  -2.6651077e-03
  -1.8055119e-02
   7.2808289e-03
  -1.0250409e-03
  -2.1944461e-03
   1.2332609e-02
   2.5350593e-03
  -1.5228684e-03
  -1.2604155e-02
   2.2571139e-03
  -4.4617132e-04
  -1.5998221e-02
   1.0891678e-02
   1.9698933e-03
  -5.0706629e-03
   6.6742860e-03
  -1.2762894e-03
  -5.5017355e-03
  -4.8545764e-03
  -6.8396830e-03
  -1.0422827e-03
  -6.4936269e-03
  -2.2372931e-03
  -6.7861838e-03
   5.1652325e-04
  -1.2172044e-02
  -8.5938083e-03
   1.0905076e-02
   8.6556277e-03
  -1.2904240e-02
   2.6250939e-03
   1.8067153e-02
   9.8706168e-03
   1.3590209e-04
  -2.4304639e-03
  -1.2476027e-03
  -6.1946615e-03
   4.7813909e-03
  -1.8826575e-03
  -6.7657820e-03
   9.9414784e-04
  -5.6242600e-03
   1.4313195e-04
  -1.4814395e-03
   2.0002331e-03
  -4.9214393e-03
  -1.4137569e-02
  -2.8552430e-03
   1.1018217e-02
  -3.6523149e-03
  -1.7116186e-03
   6.9508916e-04
   3.4570637e-03
  -3.0664254e-03
  -2.7773699e-03
  -7.3789280e-04
  -6.4216848e-03
  -4.0949117e-03
   8.6767615e-04
  -1.0946532e-02
   1.1682556e-02
  -2.0787064e-03
  -2.1705045e-03
  -6.6279455e-03
  -2.8433928e-04
  -5.4448478e-03
   2.3338374e-04
  -1.7318948e-03
  -4.7586284e-03
  -8.9557867e-03
   1.2082333e-03
   8.1173972e-04
  -2.5265100e-03
   9.1832578e-05
  -4.8549930e-03
  -9.8932495e-03
  -3.1076002e-03
   1.3378501e-02
  -1.2831200e-03
  -1.3589996e-02
   9.0015085e-03
   1.9472422e-03
  -5.1365220e-03
  -2.1160009e-04
  -5.4638240e-03
  -1.2834853e-02
  -5.5187067e-04
  -3.7168307e-03
   6.8136314e-03
   1.2215597e-02
   4.3592275e-03
  -5.6144792e-03
  -2.8877537e-03
   1.3584615e-03
  -3.4955083e-03
   1.3630875e-03
  -7.4329760e-03
   4.4911184e-04
  -6.6287358e-03
   7.4226826e-03
  -4.0526536e-03
   3.8292754e-03
   2.8347848e-03
  -3.5261789e-03
  -6.2171638e-03
  -1.4679407e-02
  -1.1178848e-02
   4.6016875e-04
   1.2759814e-02
  -8.9236710e-03
  -4.4675084e-03
   1.7125582e-02
  -1.4502807e-02
   7.2322310e-03
  -1.4800680e-02
   1.5228508e-02
   4.1270897e-03
  -8.1238542e-03
  -1.3424467e-02
  -3.1058014e-03
   2.2081441e-03
  -2.2774984e-02
   1.7393107e-02
  -1.1774634e-03
  -2.5714487e-02
   3.7262477e-03
   9.7102434e-04
   1.9377672e-02
   1.9997141e-02
  -3.8631953e-03
   1.6075384e-02
  -4.2882278e-03
   2.3971066e-03
  -1.2262377e-02
   1.8376608e-02
  -2.8486597e-03
  -5.1429362e-03
  -1.7883944e-02
  -2.2358900e-02
   4.1782194e-04
   1.0162754e-02
   2.7399844e-03
   6.6549241e-04
  -5.4234090e-03
  -1.7807141e-03
  -9.8987733e-03
  -1.1622969e-02
   8.5955941e-03
  -2.1435869e-02
  -2.6102575e-03
   1.9540299e-02
   1.2701207e-02
  -1.4787485e-02
   2.9842401e-02
  -7.4171211e-03
   2.1512645e-02
   1.1714601e-02
   3.6134791e-03
  -2.5807740e-03
  -1.2371637e-02
   2.3582330e-02
   5.7932032e-03
  -1.4218190e-02
  -2.0825228e-02
   1.6333675e-02
  -2.3289642e-02
   2.2725306e-02
  -1.0947979e-03
  -2.3561304e-03
   3.5239672e-02
   8.7321768e-04
   1.0116049e-02
   2.3399839e-02
   1.0514111e-02
   3.6512933e-03
  -2.0746753e-03
  -2.3972010e-03
  -1.2099868e-02
  -1.1650318e-02
   1.3793023e-02
  -6.8415164e-03
   9.6258001e-03
   6.4900605e-03
  -4.6372103e-03
   4.7706784e-05
   2.5760435e-03
  -5.1634604e-03
  -1.1465741e-02
  -1.5212488e-02
   2.7089849e-03
  -2.9263826e-03
   1.2234696e-03
   1.6066765e-02
  -8.4085685e-03
   1.3181766e-02
  -3.6310038e-04
  -2.5459431e-03
   1.6960849e-03
  -8.9590890e-03
   2.3634524e-03
  -1.1598896e-02
  -4.0829921e-03
   3.6719332e-03
   1.0297247e-02
  -4.3578419e-03
  -2.4886037e-03
  -3.4472238e-03
  -1.5342041e-03
  -3.4576870e-03
   2.6196879e-03
   1.1699298e-04
  -4.6791716e-03
  -2.6776224e-03
  -8.5804658e-03
  -1.2523859e-02
  -1.0268273e-02
   1.1619217e-02
   2.5752359e-03
  -5.6655648e-03
   1.0841638e-02
   1.4371945e-02
  -1.2029093e-02
   2.0550238e-02
  -7.4993872e-03
  -2.1990226e-03
   7.1356873e-04
  -1.0409310e-02
  -1.2221946e-03
   2.6406855e-04
  -1.0749757e-03
  -4.2976206e-03
  -1.6827511e-04
  -1.2267065e-03
  -9.5303779e-03
   7.4033539e-03
  -1.3453048e-02
   1.1488756e-03
  -1.0823350e-03
  -1.7046718e-03
  -1.3292983e-03
   1.3616893e-02
  -9.1469005e-03
  -2.4884785e-03
  -2.2279034e-03
  -1.7443364e-02
  -2.1953861e-02
  -1.7097561e-02
   2.7032600e-03
   5.6088186e-05
   1.5296260e-02
  -6.4870259e-03
   1.1963430e-02
   9.9777296e-03
  -5.7211350e-03
   1.0767651e-02
  -1.6672290e-03
  -6.9005529e-03
   7.7165128e-03
  -1.4267371e-04
  -3.5745766e-03
   1.2852282e-03
  -1.1394701e-02
  -1.9594629e-03
  -7.6550740e-03
   9.3042864e-03
  -2.0939512e-03
  -4.2407497e-04
  -4.7365946e-03
  -3.8327751e-03
  -1.9450640e-04
  -7.5279356e-03
  -1.1985215e-03
   6.5044541e-04
  -1.0803824e-02
  -1.7107832e-03
   4.4488496e-03
  -1.7080079e-03
  -3.5991783e-03
   8.7464716e-04
  -3.7830425e-03
   6.4745811e-03
  -6.4121792e-03
   7.8092070e-03
  -7.8070984e-03
  -1.3889548e-02
   1.1707167e-03
  -4.4023633e-03
   3.4153758e-03
  -1.2109498e-03
   1.5613013e-03
  -4.1107912e-03
  -7.9424587e-04
  -9.1111107e-03
  -4.6413584e-03
  -3.5805887e-03
   5.7365403e-03
  -3.5573053e-03
  -3.2990144e-04
  -1.4771890e-02
  -8.3141430e-04
  -5.0884188e-04
   3.0685809e-03
  -5.7641017e-03
   3.1550036e-03
  -1.1209339e-02
  -6.5148552e-03
   1.3245168e-03
  -2.0983674e-02
  -4.0595652e-03
   1.9712654e-02
  -5.6766358e-03
   5.9142576e-03
  -1.2932011e-02
   5.3426753e-03
  -3.7559747e-03
   2.0883289e-02
   6.3975841e-03
  -6.5678081e-04
  -5.1230414e-03
   6.4039498e-03
   1.0175098e-02
  -1.9215255e-03
  -2.9903699e-03
   1.8970520e-03
   1.0394099e-02
   1.3532120e-02
  -1.0889409e-02
  -7.4674296e-03
  -4.5498521e-03
   5.4907522e-03
  -1.6412016e-02
   6.5003584e-03
  -2.3124510e-02
  -6.8754634e-03
   5.4052270e-03
   1.7976625e-02
  -7.4009744e-03
   1.2255056e-02
  -1.6147599e-02
   1.0578926e-03
  -1.8916063e-03
   1.7972696e-02
   3.1964056e-03
  -2.6328774e-03
  -9.2333884e-04
  -3.9814440e-03
  -1.1752558e-02
  -1.4680573e-02
   1.0603972e-03
  -2.7359414e-03
  -7.8617882e-03
   4.2823871e-03
  -5.9099297e-03
   1.5094695e-02
   1.2343467e-02
   3.6412087e-04
   4.8701233e-03
  -2.3837999e-03
  -1.5951610e-02
   4.1617968e-03
   2.5351743e-03
   7.8893323e-03
   3.0452996e-03
   3.3621411e-03
   7.3961481e-03
  -1.6248645e-02
  -1.4588103e-02
  -2.2075877e-03
   9.7116743e-03
   1.0065531e-02
   1.9804514e-03
  -8.5183676e-03
  -8.8941595e-04
   1.2278727e-03
  -7.5932550e-03
  -2.4426663e-03
  -1.6310553e-04
  -1.1976790e-03
  -1.4534102e-03
  -9.3936276e-03
  -2.9177553e-03
  -1.0684325e-02
  -1.4132643e-03
  -2.8920622e-03
  -4.1240448e-03
  -5.7394511e-03
   2.2243570e-03
  -1.4026307e-02
  -1.4743463e-02
   1.8831481e-02
  -2.5652748e-03
   4.2922464e-03
  -1.3712822e-03
  -6.6687315e-03
  -5.7781034e-04
  -5.7094486e-03
  -7.3813045e-03
   9.4300834e-03
   1.3358210e-02
  -1.7028707e-03
  -2.4872283e-03
  -4.6114351e-03
   3.8610291e-03
  -5.3642360e-03
  -6.8670071e-03
   9.5131936e-03
   1.6377412e-03
  -2.8504895e-03
  -5.0914721e-03
  -1.1966468e-03
   1.9134178e-03
  -1.5056910e-02
   2.9195555e-03
   4.8288507e-03
  -1.1032243e-03
  -1.4697924e-02
   4.4388349e-03
  -7.9724491e-03
  -1.8246410e-03
  -1.0607222e-02
   1.6174816e-03
   2.3449725e-03
  -1.0499325e-02
  -5.9623728e-05
  -8.2148050e-03
  -1.6840864e-02
   2.4483921e-03
   3.1720856e-03
  -2.0230606e-03
  -5.3643618e-03
   1.6422567e-03
   9.7103594e-03
   4.3448785e-03
  -2.6791555e-03
  -8.1776761e-03
  -4.4109888e-03
  -5.0688487e-03
  -9.2755243e-03
  -1.6105753e-03
   2.6136282e-03
   1.0680302e-02
   3.1177960e-03
  -5.6322640e-03
  -6.9476017e-03
  -3.5958700e-03
   6.2197568e-03
  -5.7318039e-04
   2.6188663e-02
   2.0824396e-02
   8.2688747e-04
  -7.6196918e-03
   5.4824662e-03
   1.0441097e-03
  -2.5359717e-03
  -2.3556106e-03
  -3.7838134e-03
  -4.8640607e-03
   7.4031589e-03
  -5.6613308e-03
  -2.8743760e-04
   1.0051708e-03
  -1.9049195e-03
  -6.0779077e-03
   8.0839433e-04
  -5.6310450e-03
   7.1735143e-03
  -2.6021566e-03
  -1.5778791e-03
   1.8235784e-02
  -4.6470922e-03
  -1.5593158e-03
  -5.2310635e-03
   8.7420003e-03
   4.7764878e-03
   7.1852610e-03
  -1.0320477e-03
  -1.1359732e-02
   4.6098229e-03
  -2.2328795e-03
  -7.5576806e-03
  -4.2523946e-04
  -1.0198591e-02
   1.4799189e-03
   2.9113871e-03
   6.9693584e-03
   1.4081142e-03
   2.3420278e-03
  -2.0825324e-04
   7.6131268e-03
  -3.5506346e-03
   3.1916834e-04
  -1.0435754e-02
   2.5656320e-03
   4.1900693e-03
  -1.1529513e-03
  -6.1996862e-03
  -1.3283310e-02
   3.4262572e-03
  -3.8032637e-03
  -5.8692000e-03
  -1.2465774e-02
   3.4746930e-03
  -5.4311606e-04
   4.7056088e-03
  -7.5721253e-03
   2.8106400e-03
   1.5971711e-03
   5.9520002e-03
   1.2153902e-03
  -1.2233250e-03
  -3.0973899e-03
  -4.7774764e-03
  -7.8819792e-04
   1.1687361e-02
   1.1592270e-02
   2.0964069e-03
  -3.5816884e-03
  -9.9280622e-03
   7.5758999e-03
   2.4006526e-04
  -8.2604572e-03
  -1.9572001e-03
   3.3052793e-03
  -6.2016195e-03
   3.8391069e-03
  -2.4320141e-03
  -6.3400671e-03
  -6.7388163e-04
  -6.9523097e-03
   1.2299541e-02
  -4.7287131e-03
   4.1792348e-03
  -2.8501879e-03
  -1.0591955e-02
  -5.7826592e-03
   1.2273486e-02
   2.6824711e-03
  -4.4414165e-03
   3.5670770e-03
   1.7890788e-03
  -7.2028271e-03
  -1.4340557e-02
   5.0848279e-03
   1.7579058e-03
   1.4635544e-03
  -8.4247720e-03
  -2.8919109e-03
   2.5793935e-03
   2.6455026e-03
   1.0590366e-02
   1.1319364e-03
  -1.5822021e-02
   4.1581455e-03
   2.1793079e-03
  -3.0265365e-03
  -1.0090031e-02
  -5.8203090e-03
   8.9537627e-04
  -1.3246596e-03
  -5.4631630e-03
  -5.7901014e-04
  -3.6394787e-04
  -6.1745060e-03
  -1.3056242e-02
  -1.6665615e-04
  -7.7179708e-03
  -1.6994016e-02
  -2.0324888e-03
   2.0944840e-02
  -2.7445021e-04
  -5.5057625e-03
   1.3222063e-02
  -1.2350755e-02
   1.7725923e-03
   4.6786041e-03
   9.0268649e-03
  -4.6352769e-03
   1.5216293e-02
  -5.6747191e-04
   6.9280844e-03
   1.5581101e-03
  -2.3458760e-04
  -3.8110904e-03
  -9.5009521e-03
  -2.5547189e-02
   7.0538673e-03
  -9.7159445e-03
  -2.0348920e-03
   9.2737658e-03
  -1.1866097e-03
   9.3940589e-03
   1.2345428e-02
  -3.3425039e-03
   2.6120754e-03
  -6.1232626e-03
  -5.5252103e-03
   1.5221666e-03
   1.4083972e-03
  -1.7018650e-02
  -8.9577281e-03
   8.5531338e-03
   1.2563849e-03
  -3.7541398e-04
  -5.2963540e-03
  -8.6734127e-03
  -4.1294395e-03
  -8.4895825e-03
   1.4170944e-02
   3.2118994e-03
  -4.9075868e-03
  -1.1324851e-02
  -4.7190727e-03
   3.0230708e-04
  -1.5781493e-02
   2.7958768e-03
   9.4279061e-04
  -5.5735945e-03
  -1.7864226e-03
  -1.4089876e-02
   3.0490898e-03
   5.6859963e-03
   1.1343034e-02
  -8.1464479e-03
   1.0137305e-02
   2.7171959e-02
  -1.3815509e-03
   1.4012459e-02
  -3.7680666e-03
   8.5173363e-03
  -1.5222263e-03
  -2.1202258e-02
   1.8044710e-03
  -1.6121843e-02
   1.1922432e-02
   9.7963569e-04
   2.0107602e-02
  -1.0285030e-02
  -6.5066708e-03
   8.7341284e-03
   3.2761907e-04
   1.3425383e-02
   1.2926922e-03
  -2.7254936e-03
   8.0267335e-03
   2.5455537e-03
  -9.9123645e-04
   3.6381399e-03
   1.2890126e-02
   7.6081217e-04
   9.0652876e-03
   4.3890737e-03
   4.1947033e-03
  -9.3372288e-05
  -1.3761412e-02
  -1.5697609e-03
  -1.5460251e-02
  -4.2356341e-03
   1.5507625e-02
   2.6270207e-03
  -3.5826881e-03
   4.4612165e-03
  -3.9817748e-03
  -9.6932762e-03
   1.6691781e-02
   1.7635806e-03
  -5.9378761e-03
   5.3004683e-03
  -2.8365618e-04
  -1.3908074e-02
  -1.1320240e-02
  -7.3447568e-03
  -6.2057809e-03
   1.4810387e-02
  -4.7661428e-03
   2.7186168e-03
  -1.1706143e-02
  -1.0200335e-02
   1.0389047e-02
  -9.3075205e-03
   1.9520648e-03
   8.5796443e-03
  -2.1439676e-02
  -9.2023730e-03
   1.2979541e-02
   5.7400542e-03
  -1.2729645e-02
   1.9490287e-02
  -1.6943561e-02
   2.9337237e-02
   3.5475557e-03
   2.8812163e-02
  -7.7944357e-03
   4.2347930e-03
  -5.5992914e-03
   5.9469890e-03
   1.4175923e-02
   1.6813667e-02
  -2.0004354e-03
  -5.3831593e-03
  -1.0836773e-02
  -8.1297809e-03
   8.6882009e-03
  -8.8793021e-03
   2.2136261e-03
  -7.2806509e-03
   2.0376516e-03
   1.4615839e-02
  -1.4218626e-02
  -3.0820749e-03
   5.4109308e-03
   6.4109416e-03
  -1.0126957e-02
  -2.0648268e-02
  -1.7363721e-02
   4.4960718e-03
   1.8611062e-03
  -1.5180676e-02
  -2.7234697e-03
  -2.2521459e-02
   7.3804303e-04
   1.0995436e-04
   2.4112216e-02
   2.1680217e-03
   1.8121821e-02
  -1.9097770e-02
  -3.0373826e-03
   2.7453841e-02
  -2.6638538e-03
   3.5787910e-02
   1.0594111e-02
   1.4297073e-02
  -4.7877588e-03
   1.8516095e-03
  -1.5017732e-02
   7.0339170e-03
  -1.1196632e-02
  -8.9457704e-03
  -2.5758058e-03
  -3.1114249e-03
  -9.8114303e-04
   1.9364036e-02
   1.1404106e-03
   1.6738066e-02
  -1.1152883e-02
   1.2697358e-04
  -6.2013838e-03
  -3.2944679e-03
   1.5922900e-02
   1.2373685e-04
  -2.7558367e-03
  -2.8777853e-03
  -1.3169162e-02
  -7.4660259e-03
   3.3824932e-03
   7.2336950e-03
   3.4725731e-03
  -3.1928480e-03
   9.1435470e-03
   1.3313931e-02
  -3.8118277e-03
  -1.3883447e-03
   5.6071190e-03
  -2.8830660e-03
  -4.3962839e-04
  -7.6437154e-03
   8.1604126e-03
  -6.8310499e-03
  -1.0431361e-02
  -3.3278034e-03
  -1.4546719e-02
  -7.7573307e-05
   5.0726868e-03
   7.2830401e-03
  -1.0142309e-02
   7.7514734e-03
   1.1399005e-04
  -4.3113060e-03
  -1.3273610e-02
  -3.1373261e-03
  -1.2492663e-02
  -6.7634385e-03
   5.5404520e-03
  -7.0644004e-03
  -6.0218865e-03
   4.7848382e-03
   2.4547463e-03
  -3.9582296e-03
  -3.3159505e-04
  -9.8293533e-03
   6.6109733e-03
  -1.0306330e-02
   9.2446158e-03
   8.6028950e-03
   2.2710967e-04
  -1.7132566e-02
   3.1344671e-03
  -1.9692767e-02
  -2.5627678e-04
  -8.5474194e-03
   5.4349875e-03
   1.0527274e-03
  -2.5378035e-02
  -1.1558789e-03
   3.9169443e-03
   3.8304735e-03
   2.2529649e-03
   3.3435478e-02
  -8.3767841e-03
  -4.5809554e-03
  -4.9275146e-03
   4.3888929e-03
   9.6950542e-03
  -1.2856372e-02
  -4.3466267e-03
   6.4582941e-03
   7.4564838e-04
  -2.3637335e-02
  -4.4666424e-03
  -6.6599627e-03
  -7.8801356e-03
  -1.9467902e-02
  -1.8327599e-02
   1.2888688e-02
  -1.8700996e-03
   2.5634561e-02
  -5.7959599e-03
  -1.1985402e-02
   1.7360173e-02
  -1.9956844e-03
  -9.0881593e-03
   7.3485146e-05
  -1.8974731e-02
   3.0680591e-03
  -2.4862862e-02
  -1.1648352e-02
   1.4640411e-02
   4.1381417e-03
  -4.1637906e-02
   1.6233092e-02
  -2.1938057e-02
   2.0449647e-02
   4.4232077e-04
   4.2708694e-04
  -5.6910594e-03
   3.1348455e-02
   1.3265827e-02
   3.5422580e-02
   9.3106435e-03
  -1.4116755e-02
   1.0446416e-03
  -1.3588611e-02
  -2.3462095e-03
   1.6758550e-02
  -8.4051754e-03
   1.6265794e-02
   1.3112063e-02
  -9.2873051e-03
   1.6897145e-02
  -5.7677578e-03
  -2.2017760e-02
   1.1269343e-03
  -2.4260617e-02
   2.3216571e-03
  -2.7457504e-03
  -7.9240213e-03
   1.2909929e-02
   1.3988212e-02
   4.6265902e-03
  -1.8017260e-02
   9.4252591e-04
   7.7043141e-04
  -1.8048431e-02
   2.5465094e-03
  -1.5584905e-02
  -5.0545914e-03
  -1.2458194e-02
  -2.1978812e-03
  -1.0503445e-04
   1.3136688e-02
   1.8574146e-02
  -9.6121407e-03
   9.8610699e-03
   1.4240060e-02
  -1.6867076e-02
  -2.6538117e-04
  -3.0191475e-03
  -1.7812784e-02
   5.3412534e-03
  -2.0842593e-02
   4.1368082e-03
  -9.3877613e-03
   2.4250076e-02
  -1.0701842e-02
   1.7101613e-02
  -8.7081272e-04
   3.3621986e-03
  -2.0482499e-02
  -1.7035872e-02
   1.6083356e-02
   6.6306890e-03
  -3.4654324e-03
  -2.7981889e-02
   7.1304879e-04
  -2.7144408e-04
  -2.9154222e-02
   2.3527355e-02
   1.2668526e-03
   5.1354251e-03
  -1.3081494e-02
   5.7896349e-03
  -9.6197480e-03
   1.6504571e-02
   2.5100495e-03
   1.7566390e-02
  -5.3478202e-03
  -6.6880066e-03
  -2.9342932e-02
   1.6019137e-02
  -1.2834411e-02
  -1.1896858e-02
  -1.4514352e-02
   1.0566247e-02
  -2.8041925e-02
   1.3244467e-02
  -1.7272615e-02
   1.2468531e-02
  -2.6718354e-02
  -2.5470382e-02
   4.4139250e-03
  -1.5735356e-02
  -1.5771158e-02
  -1.9269662e-03
   1.5013302e-02
  -1.3248593e-02
   4.1312229e-03
   4.1388833e-03
   4.8549820e-02
   1.0036533e-04
  -2.1191685e-02
  -5.4955007e-03
   9.3850410e-03
   6.5809632e-03
  -2.3848420e-02
   4.1426433e-02
   2.0398318e-02
  -1.7577724e-02
  -8.9743249e-03
  -1.4722036e-02
  -1.1243899e-02
   1.5455696e-02
  -3.9164906e-02
   1.8811020e-02
   2.8627551e-02
  -4.5185584e-03
  -2.0662218e-02
  -2.5898516e-02
   3.3419715e-03
  -2.0232030e-02
  -1.5424340e-02
  -1.3478666e-02
   1.3718438e-02
   1.2322154e-02
   1.4867457e-02
  -5.5134677e-02
  -3.1747467e-02
   7.6036750e-03
  -5.3743217e-02
  -1.0742024e-02
   4.0006271e-02
   2.5074975e-02
  -1.8265900e-03
   2.2009592e-02
  -3.3280225e-02
   6.5410439e-02
  -4.0592105e-02
   3.9810354e-03
  -1.1704560e-02
  -3.7719424e-02
  -3.3745859e-02
  -2.0339632e-02
  -6.4286351e-02
   4.6455678e-02
   1.0298009e-02
   4.4061072e-02
   2.4057640e-03
   2.4824514e-02
   1.2049543e-03
   1.9439991e-02
  -1.0197478e-03
  -1.3282032e-02
  -2.5075401e-02
   1.4406987e-02
   3.4540334e-02
   3.0147588e-02
  -2.1748897e-02
   1.2885623e-02
   4.4002057e-02
  -1.1375331e-02
  -1.2739159e-02
  -4.4566006e-02
   6.2537423e-03
   2.1682061e-02
  -1.5572897e-02
  -6.4769594e-03
   3.1004071e-02
   2.9022273e-02
  -3.4080737e-02
   4.5199736e-02
  -1.5116334e-03
  -1.9670067e-02
   4.7479750e-03
  -1.3009085e-02
  -1.0316842e-02
   2.7997579e-02
   3.4365778e-02
  -2.8350680e-03
   2.4014983e-02
   8.0053787e-03
   8.7332170e-03
   4.6350923e-02
  -1.5421841e-03
   1.6173674e-02
  -1.2285718e-02
  -7.6192966e-03
   1.1523279e-04
  -1.4708593e-02
   4.0016706e-02
   1.4289523e-02
  -2.0368992e-02
   3.9121354e-03
  -6.8408136e-02
  -1.8194515e-02
   5.6633803e-02
   7.7911518e-03
  -2.0768992e-02
   2.0692846e-02
   3.8799877e-02
   2.0802747e-02
  -4.0005741e-02
   1.1315996e-02
   2.7047958e-02
  -8.7795873e-03
  -3.2329648e-02
   4.6307864e-02
   5.3654993e-03
   2.9772943e-02
  -1.2123767e-02
   3.0394850e-02
  -1.7714928e-02
   1.2179549e-02
  -4.3502065e-03
  -4.6175593e-02
   3.3716314e-02
   6.5590863e-03
  -4.8932813e-03
  -2.7730790e-02
  -1.8860936e-03
   3.5641564e-03
  -8.2650791e-03
  -1.0558438e-03
  -3.8254417e-02
   1.6129558e-02
  -2.3691541e-02
   1.2175960e-02
   2.4864408e-02
   4.5372442e-02
   1.5908622e-02
  -6.9763556e-03
  -4.8913141e-02
  -3.8892189e-03
  -1.2452226e-02
  -2.9412993e-02
   5.8553744e-02
  -3.0306725e-02
  -3.8684595e-03
  -2.4139080e-02
   4.6610422e-02
   4.0146136e-02
  -3.6250979e-02
   2.7784187e-03
  -5.1546749e-02
   1.3074415e-02
  -6.5007365e-02
   2.8290136e-02
  -6.7406184e-02
  -4.9506255e-02
   9.3191371e-03
   1.7276295e-02
   1.7706447e-02
   3.6351313e-02
   4.0322753e-02
  -2.1016558e-02
  -3.3574966e-02
   5.4123646e-02
   3.4841892e-02
  -1.9234589e-02
  -3.0140084e-02
   1.4283676e-02
   5.1979068e-02
  -1.9003630e-02
   3.9052759e-02
   5.2548545e-02
   9.0966304e-03
   1.2723520e-02
   1.8025871e-02
   4.7582170e-02
  -2.5106774e-02
  -1.8734137e-02
   1.6464385e-02
  -3.7573730e-02
   2.1220910e-02
  -7.8548703e-03
   6.1906625e-02
   2.8683358e-02
  -1.4002381e-02
   5.9793223e-03
   4.5752734e-02
  -1.7526367e-02
   1.1739397e-02
   2.0450544e-02
  -9.8245255e-03
  -2.5764121e-02
   1.8352081e-02
  -3.9862729e-02
  -5.1429021e-03
  -2.0683409e-02
   2.5986652e-02
  -9.7958031e-03
   3.1183424e-02
  -2.1697165e-02
  -5.8087768e-02
   2.9750053e-02
  -6.6128833e-02
   5.9964293e-02
   2.0937073e-02
   2.5978455e-02
   4.8322496e-02
  -4.9394938e-03
  -7.2745079e-02
  -1.6356524e-02
   3.1870835e-02
  -3.2161006e-02
   4.9945532e-02
   5.4301450e-02
   5.3668150e-02
  -1.9337926e-03
  -2.8115089e-02
  -1.6401232e-02
   5.5792829e-02
  -2.9776315e-03
   1.7414107e-02
   4.2847392e-02
   1.6607319e-02
   9.1618588e-03
  -5.0057662e-02
  -2.8288507e-02
   1.3967594e-02
   4.0720218e-02
   3.6067518e-03
  -2.8095451e-02
  -3.7652925e-02
   2.5352216e-02
  -1.8025349e-02
   2.5486951e-02
   3.1376997e-03
   2.5706130e-02
   1.8147708e-02
   9.3034270e-03
  -3.8267301e-02
   3.8637499e-02
   8.9594509e-03
   2.1262962e-02
  -3.6538583e-03
   4.5584691e-03
   1.0268580e-02
  -7.1304042e-03
   3.2004775e-04
   2.6408462e-02
   1.4816921e-02
  -1.1692921e-02
   2.5166108e-02
   7.5341063e-03
   8.7342282e-03
  -1.2578756e-02
  -4.0068339e-03
   8.1975612e-03
   1.3235085e-02
   2.8848797e-03
   7.4855121e-03
   2.1920376e-03
   4.9411089e-03
  -4.5954668e-03
  -1.4576913e-02
  -2.0858289e-02
   1.9455221e-02
   1.2505839e-02
  -3.1058408e-02
   1.6952596e-03
   4.3026880e-04
   1.6750738e-02
   1.5437420e-02
  -6.5777989e-03
  -1.5295405e-03
   1.0805179e-02
   2.0918366e-02
   6.1936304e-03
   2.5769920e-03
   1.5189762e-02
  -4.1006330e-03
   1.0577859e-02
   4.7625763e-03
  -1.8653113e-02
  -1.0401968e-02
  -5.1429287e-03
   1.9833584e-02
  -1.8063342e-02
   1.9496156e-03
   1.5481639e-02
  -1.0607296e-03
   5.1170801e-03
   5.5359496e-03
   1.6232103e-02
  -9.1323609e-03
   7.9637248e-03
  -1.3581074e-02
   9.1680489e-03
  -3.2518780e-03
   2.9951315e-03
   1.8239603e-02
  -6.6836917e-03
  -4.5945109e-03
  -2.3002679e-02
  -5.8519539e-03
   5.6843418e-03
   1.2293847e-02
   3.5351370e-03
  -1.3083188e-02
  -7.8836472e-04
  -1.0707136e-02
   3.2838179e-03
  -2.8294801e-02
  -1.1443066e-02
  -1.5649682e-02
  -1.2594199e-02
  -6.9848400e-03
  -2.4253938e-02
   2.2157460e-02
  -1.4531833e-02
  -3.3868592e-03
   2.2608915e-02
  -1.8802240e-03
   2.2862255e-02
  -7.7245228e-03
  -1.0246487e-02
   1.1304501e-02
  -2.1062753e-02
   5.5149454e-03
  -1.1970913e-02
   2.7545526e-02
   9.6683040e-03
   2.2586107e-02
   2.0698206e-03
  -1.0848518e-02
   6.3972131e-03
   1.4652317e-02
  -4.6326628e-04
   2.6781057e-03
  -1.4331469e-03
  -2.2721154e-02
   4.7604703e-03
   1.0353588e-02
   2.1806908e-03
  -2.9064558e-02
   1.5617351e-02
   7.5068549e-04
   2.8451353e-02
   3.4817859e-03
   1.1495550e-02
  -9.8029390e-03
  -7.9253376e-04
   1.6534091e-02
  -9.1074373e-03
  -1.9431568e-02
  -1.5054529e-03
  -8.3273580e-03
  -1.9174811e-02
  -1.6909709e-02
   1.0244946e-02
   1.1023755e-02
   5.6254018e-03
  -3.1288538e-02
   1.1534967e-02
   1.9433957e-02
   1.6570668e-02
  -4.2301004e-03
   1.4508223e-02
   1.3898746e-02
  -1.6200968e-03
  -4.7268063e-02
  -5.0957421e-03
   2.9468130e-04
  -1.0787770e-02
  -4.0781349e-03
   2.9215106e-02
   1.0781549e-02
   7.2055407e-03
  -5.1310724e-03
  -7.3196814e-03
   1.7986920e-03
   1.7448363e-02
  -2.3617674e-02
  -1.1122655e-02
  -1.0546648e-02
  -1.3243081e-03
  -2.5591423e-02
   1.8608530e-02
   1.7005868e-02
  -2.6616228e-02
  -3.1479264e-02
   1.0081463e-02
  -3.6129553e-02
   1.1524422e-02
  -1.6608680e-02
  -3.3230024e-03
   2.5609708e-02
   3.4312873e-02
  -2.1712522e-02
   2.0404614e-02
  -2.2361601e-02
  -1.8047625e-02
  -2.2901639e-02
   1.3479472e-02
   1.5401028e-02
  -3.9484845e-03
  -1.6859470e-02
   1.6851783e-02
   2.0178892e-02
  -2.2310245e-02
  -3.0514676e-02
   5.0822597e-03
  -1.6595664e-03
   1.3467953e-02
  -2.4508974e-02
  -2.9855792e-02
  -1.4922634e-02
   1.6080302e-02
  -2.8701415e-02
  -2.1311985e-02
  -2.1048416e-02
   7.3756834e-03
  -6.2262763e-02
   5.9251749e-03
   6.0931787e-02
   3.7866792e-02
   1.1640464e-02
  -3.0091807e-02
   6.7157761e-02
  -5.1976141e-03
   6.8784800e-02
   1.2963237e-02
   3.0587633e-02
   3.5425004e-02
   3.1699181e-02
  -2.1888981e-02
   1.8466461e-02
  -4.9670693e-03
   2.7622811e-02
   7.1253534e-04
   1.8401591e-02
  -3.5087589e-03
  -2.4772158e-02
  -6.4388547e-03
  -7.8540902e-04
  -1.5873898e-03
   2.7439452e-03
   2.6770737e-02
   1.7441513e-02
   1.1964205e-02
  -1.2125252e-02
  -3.7185287e-03
   1.4500809e-02
   1.8545865e-02
   2.4579171e-02
  -1.1247264e-03
  -1.7681743e-03
   7.2177242e-03
   1.0030672e-02
   4.4488392e-03
  -1.1772353e-02
  -6.4448853e-03
  -1.3744904e-02
  -1.6385471e-02
   1.4419391e-02
   2.2684814e-02
  -4.7775017e-03
   1.1386072e-02
  -1.7379998e-02
   2.0649853e-02
   1.2143685e-03
   1.2684155e-02
  -6.4321754e-03
  -1.4954464e-02
   2.5026716e-03
   9.2051331e-03
  -1.3220077e-03
   2.3385817e-02
   2.7553720e-03
   6.8354245e-03
   8.6943026e-03
  -8.3672968e-03
  -1.4295901e-02
  -2.3220921e-02
   2.5183864e-03
   9.3248903e-03
   6.6838125e-03
  -2.5901373e-03
  -8.4942241e-03
   7.9117909e-03
  -9.0316132e-03
   7.8615924e-03
   1.9625776e-02
   1.3375292e-02
  -8.6371921e-03
   1.7096457e-02
   3.9706364e-03
  -4.7840626e-04
   1.3243320e-03
   8.0243006e-03
  -1.0315389e-02
  -8.5095844e-03
  -3.1182808e-04
  -1.3398092e-02
   1.3095037e-02
   1.5767124e-02
   1.0841538e-03
   8.8903957e-03
  -1.0137126e-02
   8.9039057e-03
  -3.3043143e-03
  -1.0080210e-02
  -2.1109220e-03
  -4.1092939e-03
  -1.2695903e-02
  -9.3898570e-04
   1.2587639e-02
   3.9341999e-03
  -1.6421256e-02
   7.3846377e-03
   2.2754358e-03
   2.5577286e-03
  -8.0006125e-03
   2.0474055e-02
   8.1543780e-03
  -1.4250117e-02
  -8.3527118e-03
  -1.3831597e-03
   1.5338853e-03
  -1.1933899e-02
   1.2639883e-02
   8.8022624e-03
  -2.7548120e-03
  -3.7194560e-02
   1.1240688e-02
  -8.5200673e-03
  -6.2710463e-03
  -2.2460871e-02
  -1.4206860e-02
   1.3065725e-02
  -3.0429526e-02
  -7.8961566e-03
   3.7328080e-02
   1.2010568e-02
   8.4649096e-03
  -1.0508054e-02
   2.0745954e-02
  -3.5573009e-02
  -3.1831841e-02
  -2.8252358e-02
   4.3442675e-02
   2.8471618e-02
  -2.1595736e-02
   1.3646110e-02
   2.7109647e-02
  -1.6270087e-02
   2.9134709e-02
   1.4024984e-02
   2.6107407e-02
   1.0096028e-02
   6.1559966e-03
  -3.4223330e-03
  -1.0770107e-02
  -9.2272351e-03
  -5.7866349e-03
   1.3858359e-02
   1.9715733e-03
  -5.0494496e-03
  -1.8375943e-02
   3.3356158e-02
   1.1150066e-02
   1.6316976e-02
   3.1992213e-03
  -5.0909967e-03
   2.3668869e-02
  -1.6960801e-02
   1.2046538e-02
   1.0643602e-03
  -1.0333729e-02
   2.1508157e-02
  -8.7165370e-03
   1.7338607e-02
  -9.7056191e-03
   1.5283484e-03
   1.0014763e-02
   1.3492068e-02
  -8.2176379e-03
   1.7301500e-03
  -8.2595660e-03
   4.8228582e-03
  -3.0947649e-03
   2.3469173e-03
  -7.0525303e-03
  -3.5161049e-03
  -2.3708831e-03
   2.6553100e-03
  -2.2618579e-02
   3.0724801e-03
  -5.0345937e-03
  -3.8243275e-03
  -2.2449387e-02
   1.3362194e-02
  -1.9283256e-03
  -1.5425122e-03
  -9.0406138e-04
   9.1617084e-03
  -2.2554919e-02
   2.2860750e-02
  -9.6322283e-03
  -6.8239888e-03
  -1.2129908e-02
  -8.1085837e-03
   7.7491126e-03
   3.6890519e-02
  -1.3740724e-02
  -9.2249912e-03
   2.2829435e-02
   2.2293633e-02
   1.7126345e-02
   7.2665547e-03
  -1.3456650e-02
  -1.6158416e-02
   5.9424620e-03
   2.2409302e-03
  -3.4501566e-02
   1.6355862e-02
  -2.1584822e-02
   3.5464265e-02
   4.1283236e-03
   1.0768901e-02
  -4.8873286e-03
  -1.0091264e-02
  -1.3095485e-02
   2.3887419e-02
  -9.0803263e-03
   2.2217748e-02
   8.7673960e-03
   2.1962889e-02
   7.9872549e-04
  -3.2232135e-02
   1.6254579e-02
   1.5734804e-02
   7.2850061e-03
   1.0484722e-02
   7.4254980e-03
  -1.1252330e-03
  -5.5595537e-03
  -4.1714631e-03
   2.6023258e-03
  -2.1317030e-02
  -2.7286233e-04
  -2.2640757e-02
  -2.9078444e-03
   8.0895406e-03
  -2.6744830e-02
  -7.5065664e-04
   5.3356308e-04
  -2.2565387e-02
   9.5285051e-03
   1.4627104e-02
   5.1378777e-03
  -2.9429691e-02
   1.3747320e-02
   1.8157989e-02
   1.1433881e-03
   1.4311203e-02
   1.7133016e-02
  -1.0019601e-02
   5.6906864e-03
  -9.3467750e-03
   5.0955264e-03
  -2.7368150e-03
  -7.1939490e-03
   3.4959143e-03
  -7.1353973e-03
  -8.5056192e-03
   1.2316472e-02
   2.2210627e-02
  -3.4415493e-03
   1.5649282e-02
   7.1833292e-03
  -6.1788812e-03
   1.8482043e-02
   1.1028974e-02
   6.4578727e-03
   1.5466104e-02
  -5.8914956e-03
   8.3725562e-03
   7.3451518e-03
  -1.3550358e-02
  -1.3598977e-02
  -7.1913748e-03
   1.4140746e-02
   6.1444396e-03
  -4.3669491e-03
  -1.0525279e-02
   3.4853518e-04
   2.2702197e-03
  -6.8780003e-03
   4.5948656e-03
   6.3616328e-03
   5.0615311e-03
  -1.0717308e-03
   3.3171717e-03
  -1.1852688e-03
  -5.7367356e-03
  -7.4523037e-03
  -1.1450577e-02
  -4.3029356e-03
  -1.3584565e-02
  -6.9121895e-04
   1.4363054e-02
   4.6509993e-03
   6.2752518e-03
  -8.6323791e-03
   7.7353647e-03
   1.1771519e-02
   8.4562466e-03
  -2.0820088e-03
   8.8403380e-03
   1.3725697e-02
  -1.5182871e-02
   5.4760900e-03
   3.2118657e-03
  -1.4636575e-02
  -2.1227981e-02
  -1.4029144e-02
  -8.4800813e-03
   8.5882915e-03
  -3.0355692e-03
  -1.0216089e-02
  -1.5875975e-03
  -2.4950695e-03
   2.5430709e-03
  -1.1430591e-02
  -7.2648654e-05
   2.5045263e-02
  -7.5698510e-04
  -3.0883989e-03
  -6.6569995e-03
   1.2079520e-02
   5.0051453e-03
   1.7912449e-02
  -3.9392468e-03
   7.4706896e-03
   1.0484545e-02
   3.0455938e-03
  -1.1159117e-02
  -3.9634553e-03
   9.2402039e-04
   9.2040752e-04
   4.4764843e-03
   1.0138719e-02
   6.5518085e-03
   4.1752047e-03
  -2.2340518e-02
  -2.2424774e-02
   1.3488671e-03
  -1.4411610e-02
  -2.5272708e-02
   2.0402583e-02
  -2.0632280e-02
   1.3578878e-02
  -2.1262499e-03
   1.1003969e-02
   2.7550318e-02
   4.1676066e-03
   2.2124354e-02
  -2.3864953e-02
   1.0302773e-02
  -1.3481390e-03
  -1.9095032e-02
   2.2424258e-02
   1.7519305e-02
   1.6567023e-02
  -1.9136030e-02
  -1.3239995e-03
   2.4263481e-02
  -1.8692628e-02
  -2.6021352e-02
   2.3098311e-02
  -1.4622626e-02
  -1.6833986e-02
   8.2090543e-03
  -2.8018308e-03
  -1.2992445e-03
   3.8527147e-03
   3.2465075e-02
  -8.0412831e-04
  -5.5084797e-05
   9.9816463e-03
   6.9842157e-04
  -1.0102098e-02
  -1.5503189e-02
   2.6195065e-02
  -1.2439517e-02
   2.2905500e-02
   5.9873227e-03
   2.8760388e-02
   8.5406293e-03
  -4.9723081e-03
   5.0592399e-03
  -2.9958071e-02
   1.3494863e-02
   1.1938010e-03
   8.2544285e-03
  -2.0509681e-02
  -1.6464961e-02
  -2.2349801e-02
   3.1774398e-02
   5.7254528e-03
   3.6665649e-02
  -3.3601013e-03
   4.7615154e-03
   9.7621134e-03
  -1.1058938e-02
  -1.9747285e-03
  -1.7914505e-03
  -2.7415845e-02
  -1.0789435e-02
  -7.5112335e-03
   1.9974615e-02
  -1.2683042e-02
   7.6486841e-03
  -1.1823660e-02
  -2.2883987e-03
  -2.2066970e-03
   8.9123265e-04
  -1.1900223e-02
  -1.2574897e-02
   3.3621637e-02
  -4.3493617e-03
   1.2838384e-02
  -1.0397872e-02
  -1.0385222e-02
  -3.3584640e-02
   2.0323944e-02
  -1.2136297e-02
  -2.4789714e-02
  -1.6939605e-02
  -3.0474607e-02
   3.3793668e-02
   8.4241361e-03
  -2.1997915e-02
  -2.2918858e-02
   1.7967176e-02
   8.7651598e-03
   1.7147760e-02
  -3.0396504e-03
  -2.6681559e-03
   2.6410751e-02
  -1.1803441e-02
  -3.0284865e-02
  -6.2061708e-03
  -3.1188475e-03
   4.9729730e-03
  -2.0873523e-02
  -4.5132253e-02
   4.1931020e-03
   1.3054304e-02
   2.4868870e-02
   3.0719504e-02
  -1.4164705e-02
   2.8573178e-04
  -3.5167032e-03
  -8.0469067e-03
  -4.2737147e-02
  -1.1374611e-02
  -6.2349268e-03
  -3.8816930e-03
  -1.9846079e-03
  -1.7116391e-02
  -7.1814207e-03
  -9.8238685e-03
  -4.7819559e-03
   3.3060562e-03
  -4.0372275e-04
   7.0606434e-03
  -2.6920960e-03
  -3.7478489e-03
  -2.9737693e-02
  -5.6592333e-04
  -6.3702425e-03
  -1.2143744e-03
   1.1749263e-02
   5.6729780e-04
  -2.3940484e-02
  -6.8571664e-04
   8.8568019e-04
   2.3381885e-02
  -9.9396068e-04
  -1.3425097e-02
   6.7033834e-03
  -8.4998443e-03
  -1.1646462e-02
   1.9530137e-03
  -1.0330279e-02
  -8.3048610e-03
  -8.2163685e-03
   1.7988860e-03
  -3.9730652e-03
  -1.3263847e-02
  -2.5032054e-03
  -3.9715519e-03
   8.6879086e-05
  -8.4174901e-03
  -2.0995129e-02
   4.6421793e-03
  -1.2685664e-02
   7.0201489e-03
  -2.0766180e-02
   8.5276061e-03
   1.0734744e-03
  -2.6549441e-02
   5.4205745e-03
   6.9557099e-03
   1.4393836e-02
   1.1902716e-02
   1.0458229e-02
   8.7912088e-04
   9.2263519e-06
  -1.2176827e-02
  -9.6145943e-03
  -1.5653027e-02
  -1.8070996e-02
   4.9331161e-03
  -2.7593144e-03
  -3.2167489e-03
   2.3547108e-02
  -1.0136193e-02
   2.1794919e-02
  -1.1474516e-02
   8.3989341e-03
   1.3102999e-02
  -8.9761173e-03
   9.0498761e-05
   1.5602083e-02
   2.6525938e-03
   8.4125247e-03
   6.8001858e-03
  -8.5868762e-03
  -6.6508978e-03
  -1.7294054e-03
   1.7045792e-03
  -1.1911750e-02
  -2.7416411e-02
   2.4509048e-02
  -8.7171251e-03
   2.3100989e-02
   5.1608429e-03
  -5.7228671e-03
   2.0373552e-03
  -1.4128792e-02
  -4.1397290e-03
  -9.0230442e-03
  -1.2807044e-02
   8.4097284e-03
   5.6285573e-03
  -5.3422967e-04
  -7.1655475e-03
  -1.7626446e-02
  -2.1012476e-02
  -3.7492355e-03
   1.7282993e-02
  -1.5102314e-02
  -6.3906180e-03
   2.8305999e-02
  -2.2834841e-03
   4.2719982e-03
  -5.3864899e-03
  -9.7121252e-03
   3.5080913e-02
  -1.0325917e-03
  -3.3919329e-03
   2.0011755e-02
   5.7017717e-03
   1.3716764e-02
   1.4244104e-02
   2.4302122e-02
  -8.5337278e-04
  -1.2099773e-04
  -1.4895200e-03
  -6.6067950e-03
   1.4029875e-02
  -2.3124476e-03
  -5.6482146e-03
  -3.3172228e-03
   4.3661090e-03
   2.2662082e-03
  -1.8943690e-02
  -7.0356311e-03
  -1.8557649e-02
  -3.5307111e-03
  -4.8138549e-04
  -1.0405175e-02
   4.9781088e-03
   1.3422554e-02
   1.2883605e-02
  -3.6571964e-05
  -6.9763572e-03
  -3.3736502e-03
  -5.6818182e-03
  -7.1340302e-03
  -1.3848388e-02
  -1.2754158e-03
  -1.0581226e-02
   9.1078984e-03
  -8.1482483e-03
  -4.0164419e-03
  -1.5864667e-02
  -2.1531733e-02
   4.6840329e-03
   9.6768926e-03
  -2.1696980e-04
   2.9790500e-03
   1.5069347e-02
  -3.3601786e-03
   2.3639439e-02
  -5.5160048e-03
  -9.7657593e-03
  -5.7035284e-03
  -7.8507218e-03
   1.1492882e-02
   1.4453197e-02
   2.1531930e-04
  -8.2299039e-03
   1.7562597e-02
  -4.3285549e-03
   6.2129701e-03
   1.4318231e-02
  -1.0495596e-03
   2.8916460e-03
  -1.0882404e-02
   2.6600830e-03
  -2.0753055e-04
  -1.7069659e-02
  -1.1567248e-02
   4.5039670e-03
  -1.0640336e-02
  -1.4719297e-02
   2.6116066e-02
  -1.2413436e-02
   4.9773536e-03
   2.2196444e-04
   3.2843448e-03
  -7.6973677e-03
  -6.7801735e-03
  -1.0817341e-02
  -3.2512947e-03
  -1.7216024e-02
  -1.0210884e-02
  -6.1836287e-03
  -5.6017362e-03
   4.1343754e-03
  -2.0863578e-02
   1.7819261e-02
  -1.6486772e-02
   2.8220990e-02
   2.2793350e-02
   1.4406035e-02
  -1.6837011e-02
   1.2727331e-02
   3.3875405e-03
  -1.2835083e-02
  -4.1914882e-03
  -5.0667311e-02
  -6.9409243e-03
   7.8472321e-03
   6.3528957e-03
   1.0524799e-02
  -3.3140528e-02
   4.0502531e-03
   2.2638883e-02
  -4.1028139e-03
   2.6649611e-02
   9.5219481e-03
   2.0919295e-02
  -1.4765986e-02
  -2.8547025e-02
  -8.8335211e-03
   8.8914247e-03
  -7.2217590e-03
   1.9664913e-02
  -5.1236778e-03
   1.8833704e-03
  -1.0106899e-02
  -8.7842739e-03
   2.2416935e-02
   2.5053269e-02
   1.0652010e-02
  -5.7471604e-04
   1.5380525e-03
   1.5968429e-02
   4.6353014e-03
  -5.9451108e-03
  -1.2315987e-02
  -6.9127091e-03
  -1.4696178e-02
  -8.7230288e-04
   7.3919457e-03
   2.7372452e-02
  -2.6393002e-03
  -1.3593075e-02
  -4.4843933e-03
  -1.7856011e-02
  -9.5701400e-03
   3.8776653e-03
   5.4402044e-02
   1.3557432e-02
   2.3192805e-02
  -1.2911564e-02
   2.2619810e-02
  -3.4849971e-02
  -2.9501838e-04
  -4.7591940e-02
   5.8931831e-03
   2.5636592e-03
  -1.8434934e-02
  -2.5524206e-02
  -9.2117098e-03
  -3.1730228e-02
   2.0431044e-02
  -1.2777821e-02
  -1.9073862e-02
  -1.1288665e-02
   2.9494612e-03
   2.3475596e-02
   4.5210858e-03
   7.6463222e-03
   3.1110752e-03
   1.2997565e-02
   2.4815559e-03
  -1.9926552e-02
   1.9191379e-02
   5.0393895e-02
   1.9666713e-02
  -1.3638636e-02
  -2.1232751e-02
   2.9225159e-03
   1.2160151e-02
  -2.1366295e-02
  -2.3654894e-02
  -2.0220239e-02
   8.3214152e-04
   1.7254175e-02
  -3.0126866e-02
   5.1728040e-05
   1.6769794e-02
  -1.1641266e-02
   2.2690326e-02
   1.4184516e-02
  -5.0907527e-03
   6.2598720e-03
  -2.8221376e-02
   1.1916907e-02
  -1.8909297e-02
  -2.6072976e-02
  -2.8553655e-03
   3.2208785e-02
  -2.2362225e-02
  -2.7666490e-02
   7.1667839e-04
   1.5481739e-02
   1.6046020e-02
  -2.9901084e-02
   6.8858783e-03
  -2.0059700e-02
  -1.8306225e-02
  -1.0197938e-02
  -1.1461043e-02
  -5.7233599e-02
  -2.1982353e-02
   4.9216135e-02
   1.6832892e-02
  -2.9449267e-02
  -1.7780345e-02
   6.6622082e-02
   5.8682264e-02
   2.3189131e-02
   1.6528077e-02
  -1.9845550e-02
   1.8561551e-02
   1.1437181e-02
  -2.6437474e-02
  -3.0879862e-02
   3.7148135e-02
   1.5424327e-02
   4.0359695e-02
  -5.5064152e-03
   1.3510045e-02
  -3.2541678e-02
   2.1489714e-03
   6.1832651e-02
   1.2491891e-02
  -3.5359651e-02
  -2.0945003e-02
  -1.6741870e-03
   3.2899850e-02
  -3.5950106e-02
   8.7816504e-03
   3.3027231e-02
   1.3477413e-02
   3.3743410e-02
   2.6980222e-02
  -2.5662788e-02
  -1.3633550e-02
   6.2885518e-02
   1.9713131e-02
  -4.9192250e-03
  -2.0165635e-02
  -1.5907400e-03
  -1.6826667e-02
   8.6142679e-03
  -2.4798376e-02
   3.9452206e-02
   1.9168226e-02
  -1.1391775e-02
   2.0818683e-02
   2.1960014e-02
   4.4647511e-04
   1.9995589e-02
   1.1831962e-03
  -4.6319677e-03
   6.0441128e-03
  -6.8092939e-04
   2.5536109e-02
   3.8390928e-03
   8.6292699e-03
   8.9661955e-03
   9.5855662e-04
  -3.8175917e-03
  -8.7591312e-03
   2.3334351e-03
  -2.1217241e-03
  -1.2435852e-02
  -6.1566780e-03
   2.3986948e-03
   2.7298029e-03
  -8.6743365e-03
  -7.1481535e-03
   5.8783077e-03
  -8.2410014e-03
   4.6577802e-04
  -1.5930657e-03
   2.9996066e-03
  -7.5585828e-03
  -6.4560968e-04
  -1.4781911e-02
  -1.0588400e-02
  -1.1184341e-02
   8.4636810e-03
   2.7092857e-03
  -1.5214951e-03
  -2.0631034e-02
  -1.1490512e-02
   2.5963758e-02
   1.4747400e-02
   9.6794486e-04
   3.3090105e-03
  -1.5675478e-02
  -1.6879670e-02
   3.8051097e-03
  -5.5185829e-03
  -2.4539745e-03
  -1.5769211e-02
   1.7112854e-03
   2.7983987e-02
  -1.2247776e-02
  -1.9640692e-03
  -9.5664973e-03
  -2.2152140e-02
  -8.5453432e-03
   9.4125794e-03
  -5.9186300e-03
   2.9209769e-03
  -1.4791106e-02
   8.3702228e-03
  -1.5745953e-02
  -1.3570882e-02
   8.4010929e-03
   4.2640254e-04
   1.5793105e-02
  -3.8990265e-02
   2.0362452e-04
  -1.7580572e-02
  -3.1821180e-03
   2.8324705e-02
   2.2976440e-02
   9.4440011e-03
   1.1576906e-02
   6.3456027e-03
  -1.5033562e-02
  -6.3079638e-03
   1.2507085e-02
   1.6420361e-03
  -1.0376304e-02
  -8.4520829e-03
   8.0305274e-03
   6.8177110e-03
  -1.7134627e-02
  -1.4331119e-02
  -8.4186136e-03
  -7.4190910e-03
  -5.3753948e-03
  -5.9172765e-04
  -7.4799187e-03
   1.6921853e-02
  -9.7182300e-03
  -9.9320749e-03
   6.2025089e-03
  -1.8889241e-02
  -8.3436029e-03
   7.5989080e-03
  -8.1481631e-03
  -6.8085453e-03
  -6.8757440e-03
   4.8980098e-03
  -2.0977295e-03
  -4.8019455e-03
  -1.3709126e-02
  -1.8119974e-02
   3.0151399e-03
   1.4731905e-02
   4.6222372e-03
  -1.8341141e-02
   4.0478067e-04
   1.8740151e-03
  -2.1255792e-02
   1.3247622e-03
  -6.0077645e-03
  -4.1457561e-04
   6.6796184e-03
   3.4043845e-03
  -1.9838354e-02
  -2.9103096e-03
  -2.8745799e-03
   9.5578126e-03
   1.3399231e-03
  -8.5552582e-03
   3.8277724e-03
  -9.3015054e-03
   3.2482702e-03
   4.4131018e-03
   1.5455268e-04
  -1.9294024e-02
   4.5019696e-04
  -1.3319834e-02
  -1.5779992e-02
  -1.1538194e-02
  -1.0336826e-02
   3.9315996e-03
   2.7602152e-03
   1.4186566e-02
  -4.8018929e-03
  -1.7225706e-02
  -1.8025710e-02
   1.2559780e-03
   1.1337868e-03
  -3.7348498e-03
   2.4960093e-02
   1.3167209e-02
   1.0806782e-02
   4.6313364e-03
   1.3050159e-02
  -1.1931175e-02
  -3.2078455e-02
   9.8714580e-03
  -3.1223629e-02
  -1.7663569e-03
  -1.6991880e-02
   2.6507866e-02
  -1.9938024e-03
  -1.0349974e-03
  -2.9202708e-02
   8.1407759e-03
  -1.1127797e-02
   2.5037966e-02
   1.6960267e-02
   5.0154045e-03
  -3.8734821e-03
  -7.6578081e-03
  -2.0458206e-02
   5.3502184e-03
   7.2014452e-03
  -3.7276715e-02
  -2.5427356e-03
  -8.8591620e-03
  -1.9557412e-02
  -4.6752032e-03
   2.8652697e-02
  -2.5622162e-03
  -1.3963070e-02
  -8.4603678e-03
  -7.1278062e-03
  -3.6680902e-02
   6.8539723e-03
  -1.1885788e-03
   1.0087897e-02
  -1.7136125e-03
  -3.4867503e-03
   2.6511277e-02
   7.2104670e-03
  -1.4734211e-02
   1.6619108e-02
  -2.4430179e-02
  -1.2787383e-03
   1.5417856e-02
  -4.2293850e-02
   6.1908550e-02
   2.8413494e-02
  -1.2558397e-03
   3.7345337e-02
   1.1539674e-02
  -2.4733373e-02
  -4.9394245e-03
   2.4869110e-02
   4.5061327e-03
   1.1178813e-02
   2.3960903e-03
  -1.4365844e-02
   3.6738222e-03
   2.0933515e-02
   1.0240427e-02
   3.5489782e-03
  -1.3914571e-02
  -7.5008204e-04
  -2.5357729e-02
  -9.2420997e-03
   4.5184016e-03
  -7.3033300e-03
   1.1230481e-02
  -1.4261624e-02
   1.2463952e-03
  -2.7777100e-02
   5.2471693e-03
  -8.3916084e-03
   6.3721539e-03
  -3.1583953e-02
  -1.8839643e-02
   2.4653637e-02
   3.5422343e-02
   1.9016882e-02
   6.5048969e-03
  -1.3942343e-02
   4.8358986e-03
  -7.6464553e-03
   1.6050811e-02
  -3.0407288e-02
  -2.0490779e-02
  -5.7145773e-03
   2.4272592e-02
   4.2585170e-04
   2.0807772e-02
   3.2623626e-03
   2.8043324e-02
   1.1201484e-02
  -1.4440603e-02
  -2.6225987e-02
  -7.3518600e-04
   2.8914067e-02
   9.9153855e-03
   3.3135871e-02
  -1.0119931e-02
   2.1000646e-03
   1.9759114e-02
  -1.4407985e-02
  -8.7986619e-03
  -5.4092790e-03
   8.0185938e-03
   1.5794328e-02
   1.2075814e-02
  -1.8166730e-02
   5.1625283e-03
  -7.2267800e-03
  -1.0987753e-02
   1.4882537e-02
  -1.9886882e-02
  -3.6671631e-02
  -1.9565217e-03
   1.7425398e-02
   4.7099122e-03
  -1.9887776e-02
   6.0390850e-04
  -1.6392255e-02
  -1.8064453e-02
   6.5738496e-03
   7.6980382e-04
  -6.6251458e-03
  -1.4162961e-02
  -1.7736337e-03
  -1.8326268e-02
  -8.4550743e-03
  -1.7706269e-02
   1.1415222e-02
   2.7034830e-03
  -1.8323648e-04
  -1.5289959e-02
  -3.2703199e-03
   1.0590055e-02
  -2.8771282e-03
  -1.2441762e-02
  -2.5197019e-03
   7.7394389e-03
   6.4000000e-04
  -4.0507409e-03
  -1.7472974e-02
  -1.9063700e-04
  -7.0821530e-04
   8.6954151e-03
  -4.2967167e-03
  -8.9561961e-03
   1.0954102e-03
  -1.6194332e-02
  -9.3704816e-03
   2.0686558e-02
   1.0449896e-02
  -4.4905291e-03
  -1.5227316e-02
  -6.3294653e-03
   4.6655864e-03
  -1.4654765e-02
   1.7271547e-02
  -1.1790490e-02
   3.2565060e-03
   6.0161737e-03
  -5.5073431e-03
  -3.6359568e-03
  -2.9193802e-03
   4.5889640e-03
  -1.1069697e-02
  -1.9383360e-02
  -6.4443417e-03
  -1.5968122e-02
  -5.9411208e-03
   3.2707918e-03
   6.9055452e-03
  -4.1207983e-04
  -1.6401649e-02
   2.1854324e-03
  -9.5590871e-04
   1.1631384e-02
  -8.8079686e-03
  -7.6934546e-03
  -1.4364276e-02
   1.8354218e-02
   3.4130715e-03
   2.3869909e-03
  -8.8406013e-03
  -5.0753799e-03
  -2.0525823e-02
  -9.1528244e-03
   2.6965663e-02
  -1.8171356e-03
   4.0413848e-02
  -3.2078388e-03
  -2.0186653e-02
  -8.1514437e-03
  -7.1045819e-03
  -1.0157055e-02
   1.5682911e-02
  -7.4489581e-03
   1.8169665e-02
   2.4768726e-03
  -2.8279701e-03
   1.9583259e-02
   1.3234175e-02
  -7.0796972e-03
  -1.7432554e-02
   1.2262307e-02
  -1.5390918e-02
  -1.3164933e-02
  -1.7104827e-02
  -1.3174423e-03
   5.2460425e-03
  -1.1841182e-02
  -1.4515581e-03
  -1.5155264e-02
  -3.1405062e-05
   3.7373198e-03
   1.1827284e-02
   1.3111510e-02
  -1.3308101e-02
   4.8258368e-03
  -5.7570347e-03
  -4.1492491e-03
  -8.8616647e-03
  -1.0038901e-03
  -1.4571034e-02
  -1.0803059e-02
  -1.9651429e-03
  -9.9741769e-03
  -1.5649963e-03
  -8.8495575e-03
  -5.8974697e-03
  -5.9987406e-03
  -3.3008802e-03
   1.7395377e-03
   1.2355986e-03
   1.1773731e-02
  -1.5823306e-03
  -1.7169082e-02
   1.8140894e-02
  -9.6677335e-03
  -2.6987406e-03
  -1.6035813e-03
  -1.3217333e-02
   2.0345880e-03
  -7.3096447e-03
  -1.3908775e-02
   4.7362235e-03
  -6.9504181e-03
  -1.6631440e-03
  -7.6354423e-03
  -3.6722275e-03
   1.4005897e-02
  -1.2393118e-02
  -2.5587998e-03
   3.1276356e-03
  -1.6360133e-02
   4.6299594e-03
  -2.0207033e-03
   1.4457746e-02
  -1.9644233e-02
   1.6930385e-02
  -2.1074075e-03
   1.7563620e-02
  -1.1691456e-02
  -2.2819544e-02
   4.2227794e-02
  -1.5052064e-02
   7.2921391e-03
  -9.8372012e-03
  -4.5826628e-03
  -9.8400984e-03
  -7.2759539e-03
   4.8623525e-03
  -4.0560734e-03
  -1.2682195e-02
   3.1117705e-03
   7.9356491e-04
  -3.7484231e-03
  -1.0853442e-04
   1.1578262e-02
  -6.7243723e-03
  -1.2963630e-03
  -1.4098219e-02
  -2.1943459e-03
   4.2150790e-03
  -9.7087379e-03
   5.8970957e-03
  -1.3886853e-02
  -7.2084123e-03
   4.2666267e-03
  -8.9442105e-03
   7.2951529e-03
  -1.9039086e-03
   1.1295631e-02
  -1.0947555e-02
   1.5705632e-03
   7.8778375e-03
   7.2235599e-03
   3.6778227e-03
   2.1253206e-03
  -6.7646629e-03
  -5.1540699e-04
   5.0093926e-03
  -1.2680960e-02
  -2.9325513e-03
  -1.9359643e-03
   8.2811101e-03
  -4.3655198e-03
   4.2360285e-03
  -7.1412714e-03
  -2.5341930e-03
  -7.7713432e-03
  -1.4308845e-03
   2.6773257e-03
   2.8582174e-03
  -2.8500713e-03
  -7.7096653e-03
  -4.3585370e-03
   7.2706509e-03
  -8.2007483e-03
   4.9535132e-04
   9.1404197e-04
   6.8490544e-04
  -1.2890224e-02
  -9.8998459e-03
  -1.3617087e-03
   1.2856475e-03
  -8.3265243e-03
  -1.2437713e-02
   4.9662296e-03
   1.1464716e-03
  -8.5294582e-03
   8.8019755e-03
   4.3033677e-03
   6.4077365e-03
   1.2108902e-03
  -1.7166042e-03
  -2.5011724e-03
   1.0970067e-03
   8.2185348e-04
  -5.3181089e-03
   6.5259268e-03
   9.7644807e-04
  -5.6188544e-03
  -8.2404646e-04
  -2.9847229e-03
   2.7573167e-04
  -4.4104907e-03
  -1.0283997e-03
   4.9889135e-03
  -2.4820739e-03
  -3.7126269e-03
  -6.3429138e-04
  -4.8395414e-03
  -5.6603021e-03
  -8.4586089e-03
  -6.4283982e-03
   8.2604273e-03
  -3.0268787e-03
  -2.1454884e-03
  -6.9776876e-03
   1.1152872e-02
   2.9493758e-03
   1.5227199e-02
  -5.5551147e-03
  -3.5910941e-03
  -1.0972289e-02
   3.2674711e-02
  -2.4308959e-03
   1.2262705e-02
  -3.1450204e-03
  -2.0253953e-03
  -4.3712435e-03
   1.2740102e-02
  -2.3611380e-03
  -3.2590983e-03
   1.2845465e-03
  -3.2266843e-03
  -1.0140406e-03
  -3.8260326e-03
   8.6612322e-03
  -2.7198197e-04
  -2.5650991e-03
  -1.0247818e-02
  -1.5747412e-04
   5.7487105e-03
  -1.9574835e-03
  -1.2552465e-03
   1.0604454e-03
   7.3367859e-03
   5.4527751e-04
  -8.7586126e-03
   4.8696199e-03
  -5.4713147e-04
  -1.9160084e-03
  -2.4289912e-03
  -5.3018105e-03
   3.9481996e-03
  -6.0956426e-03
   9.5754362e-03
   2.6650990e-03
  -6.2932416e-03
   7.1984895e-03
  -1.4059754e-03
   5.4362705e-03
  -8.0908667e-03
  -4.9803922e-03
  -3.3500177e-03
  -3.5985448e-03
  -9.3265071e-03
  -1.0976685e-02
   2.4303305e-04
   1.2958613e-03
   2.7905848e-03
  -4.2750555e-03
  -4.6174410e-03
   1.8229908e-02
   1.1988970e-03
   4.7898455e-04
   1.2248155e-02
  -1.8918493e-03
   2.3298057e-03
   4.6881771e-03
  -1.6861423e-03
  -3.6922110e-03
  -3.9424404e-04
  -4.4567147e-03
   5.6255447e-03
   2.9546171e-03
  -1.3394085e-02
  -8.3605383e-04
   8.0886162e-03
  -1.0553360e-02
  -3.2357288e-03
  -3.2061558e-04
   2.7261065e-03
  -4.8376779e-03
  -1.2856052e-03
   9.0510479e-03
   6.7772285e-03
  -1.0334996e-02
   4.4012323e-03
  -2.4299884e-03
  -3.9932913e-05
  -7.2680803e-03
   2.9767891e-03
  -1.2072354e-02
  -2.0298798e-03
  -1.2895615e-02
  -4.1211622e-05
   3.9564787e-03
  -1.1576355e-02
   2.5458925e-02
   4.7790693e-03
  -6.0058850e-03
   5.2716951e-03
   3.6304962e-03
   5.3054662e-03
  -1.1034703e-02
  -4.4469599e-04
  -1.1162791e-02
  -1.0634382e-03
   3.8897760e-03
  -1.6232972e-02
  -8.6650083e-03
  -3.5548492e-03
   6.7153530e-03
   1.2674060e-02
  -2.4701523e-03
   1.6921172e-03
   2.8016975e-03
  -2.3830067e-03
  -6.6718834e-03
   7.5873792e-03
   6.5838203e-03
  -7.3174720e-03
  -3.8298398e-03
   1.3683340e-02
   2.9362587e-03
   4.3914935e-03
  -1.3886077e-02
   4.2285902e-03
  -5.3963452e-03
   4.4391467e-03
  -8.4298400e-03
  -1.5930007e-02
   2.5162508e-03
   3.4720770e-03
  -7.4620644e-03
  -4.0320887e-03
   2.3615738e-03
  -7.4887458e-03
  -1.1021152e-03
  -1.1457670e-02
   3.7347070e-03
   4.9183132e-03
  -1.1150360e-02
   3.6152356e-03
  -3.2591449e-03
   2.1081616e-03
  -1.9019406e-02
  -1.3567333e-02
   9.7164914e-03
   2.0212672e-03
   0.0000000e+00
  -6.7093492e-03
  -1.3244448e-03
  -1.1714778e-02
   1.3687601e-02
   8.2075721e-03
   4.8144258e-04
  -3.5434621e-03
   5.2682413e-03
  -7.4242292e-03
  -2.3319254e-03
  -1.9404631e-03
   1.8116743e-03
  -2.7346507e-03
  -3.8920831e-03
   3.7740876e-03
  -7.9179015e-03
   1.2484395e-03
  -1.8257927e-03
  -1.5168414e-03
  -1.7827622e-02
  -2.6840142e-03
   4.5614195e-04
   5.3800210e-03
   5.9861231e-03
  -7.6635261e-03
  -2.7256621e-04
  -6.5888127e-03
   5.0773031e-03
  -1.0012288e-02
  -1.4250908e-03
   9.4834730e-03
  -9.3487778e-03
   1.2429222e-03
  -4.2298851e-03
   7.3413981e-03
   1.0542238e-03
  -9.5238095e-03
   2.1727071e-03
  -1.0055814e-02
  -2.3298076e-02
   1.7031630e-02
   8.5842950e-03
  -1.6975955e-02
  -2.9333838e-03
   2.9942109e-02
   4.1925824e-03
   6.9737567e-03
   2.8248588e-03
  -4.3616538e-03
   2.4641782e-03
  -1.7616533e-02
  -5.9311431e-03
  -3.0298793e-03
   1.3979802e-02
   1.2449855e-03
   1.7223911e-02
   4.0746106e-03
  -5.7714853e-03
  -8.1632653e-03
  -6.9044353e-03
   6.2157558e-03
   1.9447241e-02
  -8.7526370e-03
   1.5395762e-03
   3.4135094e-02
   7.7821012e-03
   2.6896881e-03
  -4.2833038e-03
   6.7784827e-03
  -7.3370738e-03
  -1.9565217e-03
  -1.0760183e-02
  -4.4037344e-03
   5.7059448e-03
  -2.5069270e-03
   4.0123457e-03
  -5.4016073e-03
  -6.4023313e-03
  -7.6434253e-03
   2.3286015e-03
   8.0418175e-04
  -3.7944735e-03
   4.2570353e-03
   3.6589175e-03
   6.0463255e-03
   2.2095541e-04
  -1.9881594e-03
   4.6482801e-03
  -2.5998061e-03
  -1.4137398e-03
  -3.2739017e-03
  -1.1229970e-02
  -8.5742503e-03
   1.1048223e-02
  -6.3594429e-03
   1.3972146e-03
   7.1563597e-03
   2.5472583e-03
  -3.2985647e-03
   2.1019678e-03
   3.5703128e-04
  -9.5917912e-03
  -5.8558559e-04
   5.0930725e-03
   1.9730942e-03
   2.8643036e-03
  -5.2213495e-03
  -1.4176125e-02
   2.0022753e-03
  -7.9930969e-03
  -6.4093760e-04
   4.6268725e-03
   3.0095759e-03
  -6.6830333e-03
   1.3501762e-02
  -6.9093208e-03
   1.2732481e-03
  -1.0263863e-02
  -1.1884550e-02
  -1.4953097e-02
  -7.3071846e-03
   4.3690934e-03
  -1.0686084e-02
  -4.0147206e-03
   1.0893037e-02
  -4.8419254e-03
   1.2402213e-02
   3.7693178e-03
   4.4123169e-03
   4.1592672e-03
  -2.3269884e-03
  -3.2653823e-03
   2.3868582e-03
  -1.0178355e-02
   3.7735849e-03
  -6.0620301e-03
   2.1275590e-03
   1.0379317e-03
   4.3359412e-03
   4.7395589e-03
   2.4753631e-03
  -4.7055535e-03
  -4.6341806e-03
  -1.6083521e-02
  -2.1508460e-03
  -9.7236193e-03
   5.0788430e-03
   1.3090139e-02
  -1.1733409e-02
   1.3458950e-03
  -8.6885561e-03
   1.0653237e-02
   3.9288966e-03
   7.2543311e-03
  -1.1276949e-02
   4.8881008e-03
  -8.9656159e-03
  -9.1429671e-03
  -9.4701569e-03
  -7.2563248e-03
  -4.9387594e-04
   1.0376519e-02
  -7.8736307e-03
   3.5490708e-03
  -9.8236652e-03
   5.0597748e-03
   1.6781008e-03
  -1.1086475e-02
  -1.5346288e-02
   2.0240866e-04
  -1.0421937e-02
  -2.5562372e-03
   7.3295746e-03
   1.0787157e-02
   1.0067959e-03
   2.6150365e-03
  -1.0733812e-02
   4.8674137e-03
  -1.3118724e-03
  -4.7996767e-03
  -2.4367956e-03
  -1.7404580e-02
  -4.2469443e-03
  -2.1325289e-03
   2.0849622e-04
  -4.1169420e-03
   1.8785976e-02
  -1.1043197e-02
   5.5572868e-03
   2.4792108e-02
  -5.5440754e-04
   4.4377206e-03
   6.7275831e-03
  -6.5330142e-03
   9.0356910e-03
  -4.7758818e-03
  -4.9987503e-04
  -2.7506877e-03
   3.8114343e-03
   1.1790568e-02
   1.3875173e-02
   8.2793552e-03
   1.8934454e-02
   4.3612230e-03
   3.5399065e-03
  -1.1287743e-02
  -1.3795072e-03
   9.1935407e-03
  -1.8880393e-04
  -1.1802474e-02
   1.8154023e-03
   2.1459227e-03
   7.3756840e-03
  -6.1407652e-04
   9.1222763e-03
  -8.4309133e-04
  -7.5942246e-03
   6.2352385e-03
  -8.2151911e-03
  -1.1880532e-02
   2.3471929e-03
  -1.3381123e-03
  -1.5169642e-02
  -6.1710398e-03
   1.5156701e-03
  -1.3229838e-02
   6.7778163e-03
  -1.6216216e-03
  -4.9219865e-04
  -1.9205200e-03
  -4.3418196e-03
   4.3607532e-03
   1.4209591e-02
   1.6442888e-02
  -5.0253661e-03
   2.4051181e-03
   8.1577811e-04
  -1.4384350e-02
   7.6376727e-03
  -4.9244436e-03
  -4.8517782e-03
   3.9491005e-03
  -2.5738151e-03
   4.1871561e-03
   4.7515152e-03
   1.2063890e-03
   2.2652786e-03
   1.3031979e-02
  -1.4051078e-02
   1.5406837e-02
  -1.3276434e-03
  -5.7924224e-03
   3.1996180e-03
  -6.6644452e-03
  -3.2587339e-03
  -1.9231694e-03
  -2.7939689e-03
  -8.4536979e-03
  -1.3543798e-02
  -6.6673252e-03
   6.7120768e-03
   1.7285658e-03
   6.8530296e-03
   6.5615513e-03
  -4.2323409e-03
   1.1822756e-02
  -1.5740428e-02
   3.9735099e-03
   8.3064595e-04
  -1.9528389e-03
   6.9461429e-03
  -3.3519553e-03
   2.1446676e-03
  -1.1040856e-02
   2.0410171e-02
   1.4700212e-02
  -2.4224576e-03
   1.1903628e-03
   3.8521900e-03
  -1.0185712e-02
  -5.2170583e-03
   1.9245574e-03
   6.7710334e-03
  -2.0558073e-02
  -4.8212720e-03
   1.1793492e-02
  -7.7868060e-03
  -4.4357787e-03
   1.3366627e-02
   9.1800744e-04
  -1.5109094e-02
  -1.3282360e-02
   3.6260680e-03
  -2.2717149e-02
   2.5726729e-02
  -1.5799348e-03
   2.3637622e-02
  -9.0821256e-03
   1.6380655e-02
   2.9259401e-03
   7.0782916e-03
  -1.0970224e-02
  -2.4008451e-03
  -3.1286099e-03
  -2.2355270e-02
  -3.1706835e-02
   2.0401918e-04
   3.9265681e-03
   1.3359069e-02
   8.4210526e-03
   1.5806740e-02
   1.1988647e-02
  -4.5452348e-03
   4.8574343e-03
   9.8612655e-03
  -7.7066679e-03
   3.1355523e-03
  -2.4044241e-04
   8.5618086e-03
   1.0444487e-02
  -2.2183414e-03
   4.7776727e-03
   5.6494515e-03
   8.6606432e-03
   1.4202172e-02
  -5.8575874e-03
  -3.9587553e-03
   9.7051484e-04
   3.9706358e-03
   1.3888250e-02
  -1.7689482e-03
   5.4980007e-03
  -9.0379140e-04
  -8.0057895e-03
  -1.4453766e-02
  -4.3025677e-03
  -1.1987733e-02
  -8.7001505e-03
   7.5430523e-03
   1.2148037e-02
   1.8608113e-03
   4.0397474e-03
  -8.8794339e-03
  -2.0064393e-03
  -6.5924818e-03
   1.4402033e-02
   2.3662599e-03
   1.7589335e-03
   9.4723223e-03
   4.5772875e-05
  -6.4079092e-04
   7.0990199e-03
  -5.6846605e-03
  -1.4910355e-02
  -3.3429288e-03
  -1.1087301e-02
   8.2909365e-03
   5.4195477e-03
  -7.3420074e-03
   6.6005056e-03
  -1.7206901e-02
   1.2019117e-02
  -4.6289802e-03
  -1.4374295e-02
  -2.1923554e-03
  -1.8150554e-02
  -7.7836155e-04
  -2.8724440e-03
   8.5933304e-03
  -7.1646415e-03
  -3.4131357e-03
  -4.0119380e-03
  -1.4736946e-03
   1.0675456e-02
  -8.7130062e-03
  -5.4996317e-03
   1.0368834e-02
  -1.3683233e-02
  -1.4715355e-02
   8.3978678e-03
   8.3777988e-03
  -1.3698630e-02
  -5.5655836e-03
  -7.3110472e-03
   4.1598944e-02
   2.0480811e-03
   9.6355054e-03
   0.0000000e+00
   1.4990119e-02
   1.2964194e-02
  -1.7814448e-03
   7.4672428e-03
  -4.7081857e-03
   1.3114140e-02
  -6.7958023e-03
  -8.7041519e-03
  -9.3909940e-04
  -4.4649152e-03
   1.0763856e-02
  -4.9976646e-03
   1.3378397e-02
   1.8482490e-02
   2.3195525e-02
  -8.4455705e-04
   8.7196370e-03
  -3.3959601e-03
   5.0449175e-03
  -5.4158778e-03
  -6.7292368e-03
  -3.7439829e-03
  -7.2924123e-03
   8.1571950e-03
  -5.3643272e-04
   5.9039270e-03
   1.4673188e-03
   7.2814456e-03
  -1.0005730e-02
   2.3152271e-03
   1.0660981e-03
  -4.6148385e-03
  -1.8277461e-02
   5.3128689e-03
  -7.6335878e-03
  -6.5543924e-03
  -4.6733254e-03
   2.5962070e-02
  -1.2742283e-02
  -7.7258680e-04
   4.7755492e-03
   6.3371356e-04
   6.6497783e-03
  -9.8413697e-03
  -9.0768812e-04
  -4.6334151e-03
  -1.5014604e-02
  -1.1675856e-02
   6.7507384e-03
   9.7322468e-03
  -3.2281867e-03
  -1.4481355e-02
   1.4834984e-02
  -2.7755933e-04
  -9.1620008e-03
  -4.6700602e-03
   1.1401492e-02
   9.0462052e-03
  -1.1033975e-03
  -3.2678234e-03
  -9.4200222e-03
  -1.9438747e-02
   1.7874970e-02
  -1.2143291e-02
   4.2078389e-03
  -7.0621469e-03
  -2.3186344e-02
  -1.0727635e-02
  -8.6849853e-03
   2.3164877e-02
   1.1852354e-02
  -7.9365079e-03
   7.3734940e-03
   1.7892169e-02
  -9.4468205e-03
   5.6462327e-03
   1.5333805e-02
  -1.0827138e-02
   3.7111852e-03
  -9.8286998e-03
   1.8907166e-04
  -1.2003781e-02
   1.3584617e-02
  -1.5903728e-02
   1.0502086e-02
  -1.3192863e-02
   2.8325479e-02
   6.2666604e-03
   1.5011386e-02
  -1.9688645e-03
  -1.0093132e-03
  -2.0206659e-02
  -3.9371924e-03
  -2.7763399e-03
   3.5862590e-03
  -2.2004890e-02
  -2.1153846e-03
   1.9560609e-02
   8.6003213e-03
  -9.6514243e-03
   1.1164727e-02
   2.0585758e-03
   1.0691941e-02
   2.0557121e-02
   8.8719899e-03
   2.2433597e-03
  -9.9382219e-03
   3.8885874e-03
   5.9454103e-03
   9.0445061e-03
   6.3897764e-03
  -5.7319224e-04
  -2.2940839e-02
   1.2687949e-02
   4.9937578e-03
  -1.3842059e-02
  -1.1382041e-02
  -6.6439135e-03
  -2.1530991e-03
  -1.2487375e-02
  -6.2761506e-03
  -1.2538012e-02
   1.8619415e-02
   1.0604651e-02
  -5.3847570e-03
   6.8020915e-03
  -1.2730950e-02
  -1.5176202e-02
   1.5599149e-03
   8.4953747e-04
  -4.7628030e-03
  -9.7607202e-03
  -1.5359587e-02
  -6.9977646e-03
   1.8596457e-03
   2.4423603e-04
  -8.8391854e-03
  -1.0839574e-03
   1.2824307e-03
   2.3349754e-02
   3.8028305e-03
  -6.5218434e-03
  -1.0908915e-02
  -1.6641452e-02
   4.1191067e-03
   2.4712104e-04
  -4.9411997e-04
  -5.9323710e-03
   8.9516610e-04
   2.4843486e-02
   1.0569185e-02
   5.3732489e-03
  -1.5985875e-02
   3.3461035e-03
  -1.4741421e-02
   2.2565612e-03
   7.6354559e-03
   7.6261719e-03
  -3.9529503e-03
  -1.5245378e-02
   3.8826363e-03
  -7.7352394e-03
   3.2070259e-03
  -9.0001475e-03
  -1.2357320e-02
   5.7283554e-03
  -1.4489133e-03
   6.2043430e-03
  -2.9835903e-03
  -3.9900249e-03
  -4.9574362e-03
  -7.2467415e-03
  -2.4839053e-02
  -6.0300463e-03
   1.8827467e-03
  -4.1760192e-03
   3.0927295e-03
  -7.3160535e-04
  -1.3753791e-02
   1.6225675e-02
  -1.2261936e-02
   1.7379820e-02
  -6.8020146e-03
  -1.6102049e-02
  -1.3974495e-02
   2.5327370e-03
   1.0857880e-02
  -4.2539615e-03
  -5.9809890e-03
   1.0422263e-02
   2.3925989e-03
   3.7129369e-04
   1.2884411e-02
   7.7998220e-03
   2.0777062e-04
  -3.6352306e-03
   1.3707912e-02
  -1.1825801e-02
  -9.0015089e-03
  -1.7851517e-03
   8.7313276e-03
  -1.0480759e-02
  -4.9533646e-03
   1.8217444e-02
   8.4776616e-03
  -1.7019082e-03
  -1.3173529e-02
   1.0470108e-03
  -2.9285640e-03
  -8.3919018e-04
  -2.0577428e-02
  -3.2157788e-04
   3.8065623e-03
  -1.5488971e-03
  -4.6538996e-03
  -5.3743215e-05
  -9.2443298e-03
  -1.5352067e-02
  -6.5561126e-03
   1.6914374e-02
   1.0906910e-04
   6.1617318e-03
   5.0401041e-03
  -1.2779725e-02
  -3.9873279e-03
   1.6451878e-04
   8.3342472e-03
  -1.4681892e-03
  -1.2416272e-02
  -3.1982355e-03
   2.1574376e-03
  -2.4287922e-03
   6.0867641e-03
  -1.1439886e-02
  -7.6221208e-03
  -3.5824410e-02
  -1.0989650e-02
  -5.1149391e-03
   3.3093015e-03
   5.1831782e-03
  -5.2736435e-03
   6.3030160e-03
  -6.4391500e-04
  -7.0290534e-03
  -5.2501180e-03
   7.7684872e-03
  -7.6497587e-04
  -4.8878158e-03
  -1.7161794e-03
   3.2011382e-03
  -1.5954618e-03
  -3.2552083e-03
   4.6909328e-03
  -6.5011820e-03
  -4.6995836e-03
  -6.8734684e-03
  -3.6109774e-03
  -1.0690988e-02
  -5.0674644e-03
  -2.7000491e-03
  -3.2611371e-03
   7.4078647e-03
   1.5932349e-03
  -7.6475987e-03
  -2.3427867e-03
  -9.3313558e-03
   4.6784355e-03
   4.2220291e-03
   6.8628663e-03
  -3.6843721e-04
   4.0543031e-03
   3.2425818e-03
  -6.2812538e-03
  -8.1620129e-03
  -4.4548942e-03
   1.8023617e-03
   7.0723990e-03
  -6.1602908e-05
   2.5874815e-03
   1.1060587e-03
  -1.2275964e-03
  -2.0280236e-03
   3.0790073e-03
   7.3055436e-03
   5.4851292e-03
   4.4247788e-03
   5.7932533e-03
   1.1999760e-04
   1.2118303e-02
   3.6749452e-03
  -8.5041044e-03
  -2.2038239e-03
  -1.6714422e-03
  -7.7732600e-04
  -9.2154868e-03
  -3.2614604e-03
   9.1498515e-03
  -4.0230575e-03
   1.8689335e-03
   5.8370442e-03
   7.5979659e-03
   5.3437834e-04
  -6.0530532e-03
  -8.1198878e-03
  -2.4679468e-03
   1.3878832e-03
  -6.6887617e-03
   7.8864353e-03
   2.2511135e-02
  -1.5304921e-03
  -6.5440396e-03
   7.5366447e-03
   2.8271881e-03
   2.6430166e-03
   6.0336243e-03
  -4.4835216e-03
   1.9886530e-03
  -1.0682389e-02
  -7.0804815e-03
   2.7335393e-03
   3.7335546e-03
   1.7712700e-03
   2.5343313e-03
  -9.7589653e-03
  -1.5138922e-02
  -8.8612936e-03
   1.0582654e-02
   1.1494945e-02
  -1.9634676e-03
  -3.0404197e-03
  -1.1361598e-02
   6.5928749e-03
   3.0044466e-04
  -1.9823392e-03
  -6.1995907e-03
  -7.8735389e-04
  -4.9702994e-03
   3.4113060e-03
  -3.5211268e-03
  -2.4247594e-02
  -6.2437562e-05
  -1.1489229e-02
   1.3265113e-03
  -8.3901085e-03
  -2.6083084e-03
  -3.5081005e-03
   8.8971388e-03
  -4.4410608e-03
   1.1725720e-02
  -8.7553540e-03
   7.6253416e-04
   2.4763477e-03
  -3.6103370e-03
  -1.8117094e-02
  -1.3531011e-02
  -4.7253396e-03
   9.0339598e-03
   1.1763168e-03
  -3.2637076e-04
   7.1825008e-03
   9.0113452e-03
   0.0000000e+00
  -1.6126960e-02
   9.0119506e-03
  -1.8769012e-03
   1.5562184e-03
  -1.1394536e-02
  -2.2265881e-03
  -5.2507220e-03
  -1.5571391e-02
  -1.0589812e-02
  -2.7774014e-03
   6.1816453e-03
  -7.6964623e-03
   4.2182610e-03
   1.2533875e-02
   4.0816327e-03
   5.0646408e-03
   1.1338019e-02
  -2.0323871e-03
   6.7665221e-03
   9.7879282e-04
   7.1056063e-03
  -3.8837465e-04
  -1.3792657e-02
   1.3131976e-04
  -3.6108193e-03
  -4.8757989e-03
   1.3639674e-02
   9.0796264e-03
   4.4665976e-03
  -4.2533995e-03
   1.2296939e-03
   9.6961862e-04
  -8.4597998e-03
  -1.5110069e-02
   4.5628885e-03
  -6.7803305e-03
  -1.4316013e-02
  -4.2361485e-03
  -5.5371733e-03
   8.3520065e-03
  -8.3501684e-03
   1.3377699e-02
   8.7113851e-04
   1.1181039e-02
   1.5559823e-02
   5.6721867e-03
  -1.0178282e-02
  -1.0937909e-02
  -4.1056884e-03
   5.1200213e-03
  -2.1500397e-02
  -1.1831519e-02
  -5.6102901e-03
   3.5090133e-03
   4.7994515e-03
  -2.2517912e-02
   5.0261780e-03
   7.9183163e-03
  -1.0336986e-02
  -1.1002019e-02
   2.8867141e-03
   3.7629879e-02
   4.0595399e-03
  -1.1859838e-02
   6.7512275e-03
  -8.8057983e-04
   2.6033898e-02
   1.1563367e-02
   1.7571363e-02
  -4.8144820e-03
   1.5222860e-02
   9.7846115e-03
  -6.6696030e-03
   3.7372522e-03
   1.8932223e-03
   4.6611237e-03
  -4.2131661e-02
   3.2726797e-04
  -1.9629654e-03
   1.2653249e-02
  -2.5896672e-03
  -2.6613008e-03
  -3.7097299e-03
  -1.5743402e-02
   7.9644256e-03
   1.4881148e-02
  -1.6090313e-02
  -2.0441807e-03
  -2.6496630e-02
  -2.9864929e-03
   2.0287290e-02
   1.4212317e-02
  -4.5394737e-03
   7.6663803e-03
   5.5748672e-03
   1.4479520e-02
  -4.8862029e-03
  -4.3933325e-03
   7.7871512e-03
   7.4694140e-03
   1.1504538e-02
   1.6997346e-02
   7.2693383e-03
   4.6878855e-03
  -1.0621316e-02
  -1.0425070e-02
   1.2980498e-02
   5.3237588e-03
   2.5862069e-03
  -1.0809483e-02
   4.6566497e-03
  -4.7586676e-03
   8.0725286e-03
   2.9567574e-03
   1.9407935e-02
  -6.0850705e-03
   3.2127053e-02
   2.2200035e-02
  -3.3898305e-03
  -2.8825089e-04
   1.3840032e-03
   1.0365678e-02
   1.7668852e-03
  -3.6413291e-03
   9.3079032e-03
   2.7722772e-03
   2.5953509e-03
  -4.7270681e-03
  -6.9546534e-03
  -2.1067016e-03
   2.5676138e-03
  -1.7073587e-03
   6.1570036e-03
   2.0397756e-03
   1.4701725e-03
  -2.8231043e-04
   1.2989947e-03
  -6.2045237e-04
   4.1201038e-03
  -2.9228261e-03
   4.7353289e-03
  -2.8053639e-04
   4.4898417e-03
  -1.9555258e-03
   1.5674859e-03
   1.7886088e-03
  -2.0643865e-03
   7.1564352e-03
  -1.8319085e-03
   2.8363272e-03
  -5.0465839e-03
   7.0230199e-03
   2.7121271e-03
  -4.7471848e-03
  -9.7060455e-03
   1.1201344e-03
  -1.3538462e-02
  -2.7788805e-03
  -1.9506369e-02
   1.0556232e-02
   4.0750732e-03
   1.0289242e-03
   1.0278666e-03
  -2.7381631e-03
   1.4872440e-03
  -4.1695225e-03
  -6.2517924e-03
  -2.4818192e-03
   3.2980385e-03
   1.0957324e-03
   0.0000000e+00
   3.6292413e-03
   2.0089542e-03
   3.8380019e-03
   5.1358137e-04
  -3.8784007e-03
   1.5459490e-03
  -3.0871255e-03
  -6.4801009e-03
  -2.7705628e-03
   4.8619552e-03
  -9.1008582e-03
  -1.7438819e-04
   1.1279070e-02
  -2.7595723e-03
  -8.6475268e-03
   1.2212142e-03
  -8.3638265e-03
   6.2086335e-03
  -4.4240061e-03
   7.0163129e-04
   4.3821209e-03
  -1.5706806e-03
  -1.8644759e-03
   2.5684432e-03
   1.0946143e-02
  -6.7384669e-03
   4.4068190e-03
  -1.2123311e-03
  -3.0634067e-03
   4.5222635e-03
  -2.9435530e-03
   9.2040521e-03
   4.0725020e-03
  -1.1425307e-04
  -2.4567217e-03
   1.0767468e-02
  -3.2298277e-03
   2.3875846e-03
  -8.7336245e-03
  -1.6019223e-03
   2.7505587e-03
  -7.2004115e-03
  -8.6340874e-03
   3.9482088e-03
  -6.6508588e-03
  -8.3837913e-03
  -9.0418037e-03
   4.2659083e-03
  -8.2005900e-03
  -2.7363036e-03
   2.9227557e-03
  -1.4868562e-03
   2.7994520e-03
  -8.9094797e-04
   2.0212829e-03
  -2.6105013e-03
   3.2716674e-03
  -7.1149057e-03
   8.5990684e-03
  -8.8809947e-04
  -3.9111111e-03
  -5.0568148e-03
   6.3979909e-03
   2.9707088e-04
  -1.1166548e-02
   2.8832292e-03
   6.2889315e-03
   3.0950539e-03
  -4.8062659e-03
  -3.6966373e-03
  -2.8126870e-03
   7.2015843e-04
  -2.3388306e-02
  -3.5615597e-03
  -4.3137980e-03
  -1.6030204e-02
  -6.9820103e-03
   8.7413695e-03
   6.7817896e-03
   1.8711408e-04
  -1.0601147e-03
  -1.4919783e-02
  -9.1254753e-03
  -1.5349194e-02
   2.3382697e-03
   1.2052877e-02
   7.6834422e-03
  -8.1967213e-03
  -5.1252483e-03
   3.4773649e-03
  -7.6365270e-03
  -1.8106570e-03
   4.8587717e-03
   5.1576301e-03
  -5.7725611e-04
  -3.0804775e-03
   4.8924939e-03
  -9.0967329e-03
  -9.0509439e-04
   1.3718131e-02
   1.3787821e-02
  -1.2592872e-03
   1.0528307e-02
  -8.5470085e-03
   6.9846464e-03
  -1.3747422e-03
   6.2574307e-04
   8.0045025e-03
   1.0856753e-02
  -5.1552719e-03
   1.3571869e-03
  -1.2321341e-03
  -7.5252899e-03
  -1.7402113e-03
  -1.7307932e-02
  -2.6609225e-03
   1.2069623e-03
  -1.5861938e-03
   0.0000000e+00
   5.4016268e-03
   4.4244991e-04
   5.0543341e-03
  -8.8006035e-03
  -3.0441400e-03
   4.4529262e-03
   5.6364788e-03
  -4.5342906e-03
  -5.0610489e-03
  -5.9769823e-03
   7.6760699e-04
   3.5794183e-03
   9.4898414e-03
  -8.8328076e-03
  -1.6549968e-03
  -2.5503698e-04
  -5.1020408e-04
   7.3379275e-03
   6.3343257e-03
   8.1827910e-03
   3.4962852e-03
   1.4309712e-03
  -1.6153082e-03
   6.8450529e-04
   7.4000373e-03
   3.3333333e-03
   7.3827981e-04
  -7.6232632e-03
   1.1770536e-03
   2.8463585e-03
   4.5659283e-03
   3.9923838e-03
  -2.9364982e-03
   4.7858633e-03
  -3.8470933e-03
  -1.9003249e-03
   5.5275765e-04
   2.4553434e-03
   8.0215541e-03
   6.0745960e-04
   4.2496357e-04
   4.6726136e-03
  -3.0804542e-03
   0.0000000e+00
   3.0293850e-03
  -4.8323769e-03
  -2.4279211e-04
   4.3106065e-03
  -1.6322089e-02
   2.2123894e-03
  -3.6791759e-02
  -2.7947543e-02
  -1.8992730e-02
   1.0374524e-01
   6.0485090e-04
  -2.4783897e-03
  -3.3329293e-03
  -1.1309053e-02
   3.7513068e-03
  -1.2253400e-03
   7.3610600e-04
  -1.1952924e-02
   6.2658974e-03
  -4.0690506e-03
   4.4571004e-03
  -1.8488845e-04
  -4.5614251e-03
  -5.7588705e-03
   0.0000000e+00
   6.1036373e-03
   3.8999629e-03
   6.9063329e-03
  -6.0628330e-03
   6.1614295e-04
  -3.5098522e-03
   4.4491133e-03
   1.1319594e-02
   1.6424357e-03
  -1.0931617e-03
  -4.1950389e-03
  -1.9537212e-03
  -4.3433046e-03
  -1.3885476e-02
   8.6604361e-03
  -1.7295695e-03
  -1.0519151e-03
  -2.4157582e-03
   9.1276001e-03
  -1.8459267e-03
   2.7062015e-02
   3.6012244e-03
   1.1602177e-02
   5.9119125e-05
   1.2000473e-02
  -1.4545242e-02
  -2.3710729e-03
   7.3677956e-03
   3.3620385e-03
  -7.6421139e-04
  -4.2357924e-03
   4.8446177e-03
   8.4666040e-03
  -6.0051306e-03
   2.7567599e-03
  -3.1586336e-03
   5.0463561e-03
  -1.5997198e-02
   5.1619794e-03
   5.9028393e-03
  -1.3262133e-02
   3.5682426e-04
  -3.5669699e-04
  -5.7091882e-03
  -1.1483940e-02
  -3.0253525e-03
  -1.8389270e-02
  -1.1438111e-02
  -5.0034399e-04
  -4.8182216e-03
   5.0930584e-03
   7.7572724e-03
   6.0214787e-03
  -8.2068370e-03
   1.2567660e-02
  -2.1505376e-03
   4.8029557e-03
  -1.1030764e-03
  -1.4846626e-02
   9.0297671e-03
   2.1600938e-03
  -2.0322700e-03
  -1.0367171e-02
  -4.1154829e-03
  -1.5778599e-02
   1.7494752e-02
   9.0033763e-03
   6.1965547e-03
  -1.2563124e-02
  -1.2473494e-03
  -1.1427501e-02
  -1.1180595e-02
  -2.2358503e-03
   1.2932966e-02
  -1.3273497e-03
   4.3670886e-03
  -9.3893755e-03
   3.4987277e-03
  -2.4659271e-02
  -1.0269076e-02
  -9.1935908e-03
  -6.8928950e-03
   1.1412173e-02
   3.1672715e-03
  -4.6043544e-04
  -1.1187155e-03
   1.8841821e-02
   4.1383770e-03
   1.1398029e-02
   3.8201961e-03
  -2.1819104e-02
   1.9063675e-02
  -3.6905065e-03
   9.3881722e-03
   0.0000000e+00
   8.7314141e-03
  -3.3870664e-02
  -6.1027073e-03
  -9.2755895e-03
   1.6746885e-02
   1.5174113e-02
  -4.6630469e-03
   2.7595944e-02
  -1.1678741e-02
  -1.0236967e-02
   6.3844730e-04
   1.2633191e-02
  -9.1361603e-03
  -2.6325830e-02
  -2.9192790e-02
   1.9508914e-03
  -1.3763932e-02
   1.3479474e-02
  -1.4039095e-02
  -2.1460689e-02
  -5.2913737e-03
   7.1393575e-03
  -2.7104038e-03
  -5.9233449e-03
  -4.4865054e-03
  -1.3661010e-02
  -1.4564146e-02
   1.7387524e-03
  -4.3393361e-04
  -4.9924029e-03
  -1.1925538e-02
   1.1995879e-02
   1.0981020e-02
   1.0717882e-02
   1.2525799e-02
  -7.0288887e-02
   2.1924851e-03
   1.6596258e-03
   4.1045338e-02
   7.9577516e-04
  -5.9274252e-03
  -1.5415939e-02
   3.1019202e-03
   2.7904580e-02
  -2.1058663e-02
  -4.3901368e-04
   2.3497548e-02
   9.0831069e-03
   2.8350698e-03
  -3.9578769e-03
   3.3988505e-02
   1.3862201e-02
  -1.0152971e-03
   3.1506200e-02
  -3.0215449e-03
  -3.9530900e-04
  -1.6148168e-02
   8.1061164e-03
   5.3163211e-03
  -5.3543099e-03
  -2.2396491e-02
  -1.6791298e-02
   1.1270138e-02
  -1.4631478e-02
  -1.5473217e-02
   1.1981112e-03
  -3.7308180e-03
   1.9713135e-02
